0.000000 0.000000
0.000000 0.000000
6320.000000 -6320.000000
8848.000000 -8848.000000
-3792.000000 -6320.000000
-3792.000000 -1264.000000
-6320.000000 -8848.000000
3792.000000 1264.000000
1264.000000 6320.000000
3792.000000 6320.000000
-3792.000000 6320.000000
8192.000000 0.000000
-3792.000000 -3792.000000
3792.000000 8848.000000
6320.000000 1264.000000
1264.000000 -1264.000000
-1264.000000 3792.000000
6320.000000 3792.000000
8848.000000 -8848.000000
8848.000000 -6320.000000
1264.000000 1264.000000
6320.000000 8848.000000
1264.000000 3792.000000
8848.000000 -8848.000000
-6320.000000 -3792.000000
-8848.000000 6320.000000
3792.000000 -8848.000000
6320.000000 1264.000000
3792.000000 -6320.000000
1264.000000 -3792.000000
-8848.000000 3792.000000
-1264.000000 -6320.000000
3792.000000 6320.000000
-3792.000000 -1264.000000
-6320.000000 3792.000000
-1264.000000 1264.000000
-1264.000000 6320.000000
3792.000000 -1264.000000
-6320.000000 -8848.000000
-8192.000000 0.000000
1264.000000 -6320.000000
-8848.000000 -8848.000000
-6320.000000 1264.000000
-3792.000000 6320.000000
3792.000000 8848.000000
6320.000000 -3792.000000
-6320.000000 -1264.000000
1264.000000 3792.000000
6320.000000 -1264.000000
3792.000000 -3792.000000
1264.000000 -1264.000000
3792.000000 8848.000000
-6320.000000 1264.000000
3792.000000 -8848.000000
-6320.000000 3792.000000
-6320.000000 -3792.000000
6320.000000 -3792.000000
6320.000000 -1264.000000
1264.000000 -6320.000000
-3792.000000 -1264.000000
1264.000000 -1264.000000
-1264.000000 -1264.000000
-1264.000000 6320.000000
-8848.000000 -8848.000000
8848.000000 8848.000000
8848.000000 -3792.000000
-6320.000000 8848.000000
-1264.000000 -6320.000000
8848.000000 -8848.000000
8848.000000 8848.000000
-6320.000000 1264.000000
-3792.000000 -8848.000000
-8848.000000 8848.000000
-6320.000000 -3792.000000
-6320.000000 3792.000000
-8192.000000 0.000000
8848.000000 -8848.000000
8848.000000 -1264.000000
8848.000000 -6320.000000
-1264.000000 1264.000000
1264.000000 -3792.000000
8848.000000 -6320.000000
3792.000000 -8848.000000
8848.000000 -6320.000000
-3792.000000 -6320.000000
-1264.000000 -3792.000000
-6320.000000 1264.000000
-1264.000000 -6320.000000
-8848.000000 3792.000000
1264.000000 1264.000000
6320.000000 3792.000000
6320.000000 -3792.000000
6320.000000 8848.000000
3792.000000 1264.000000
1264.000000 -1264.000000
6320.000000 8848.000000
-1264.000000 -1264.000000
3792.000000 6320.000000
3792.000000 8848.000000
-8848.000000 8848.000000
-6320.000000 1264.000000
1264.000000 3792.000000
-8848.000000 -8848.000000
-8192.000000 0.000000
-6320.000000 -3792.000000
-6320.000000 3792.000000
-3792.000000 -8848.000000
6320.000000 3792.000000
-8848.000000 6320.000000
1264.000000 3792.000000
-6320.000000 1264.000000
-3792.000000 -6320.000000
3792.000000 6320.000000
-1264.000000 -3792.000000
1264.000000 -3792.000000
-1264.000000 -6320.000000
3792.000000 -1264.000000
1264.000000 -1264.000000
6320.000000 3792.000000
-1264.000000 -6320.000000
-8848.000000 -8848.000000
-3792.000000 1264.000000
-6320.000000 3792.000000
0.000000 0.000000
0.000000 0.000000
0.000000 0.000000
0.000000 0.000000
0.000000 0.000000
0.000000 0.000000
0.000000 0.000000
0.000000 0.000000
0.000000 0.000000
0.000000 0.000000
0.000000 0.000000
0.000000 0.000000
0.000000 0.000000
0.000000 0.000000
0.000000 0.000000
0.000000 0.000000
0.000000 0.000000
0.000000 0.000000
0.000000 0.000000
0.000000 0.000000
0.000000 0.000000
0.000000 0.000000
0.000000 0.000000
0.000000 0.000000
0.000000 0.000000
0.000000 0.000000
0.000000 0.000000
0.000000 0.000000
0.000000 0.000000
0.000000 0.000000
0.000000 0.000000
0.000000 0.000000
0.000000 0.000000
0.000000 0.000000
0.000000 0.000000
0.000000 0.000000
0.000000 0.000000
0.000000 0.000000
0.000000 0.000000
0.000000 0.000000
0.000000 0.000000
0.000000 0.000000
0.000000 0.000000
0.000000 0.000000
0.000000 0.000000
0.000000 0.000000
0.000000 0.000000
0.000000 0.000000
0.000000 0.000000
0.000000 0.000000
0.000000 0.000000
0.000000 0.000000
0.000000 0.000000
0.000000 0.000000
0.000000 0.000000
0.000000 0.000000
0.000000 0.000000
0.000000 0.000000
0.000000 0.000000
0.000000 0.000000
0.000000 0.000000
0.000000 0.000000
0.000000 0.000000
0.000000 0.000000
0.000000 0.000000
0.000000 0.000000
0.000000 0.000000
0.000000 0.000000
0.000000 0.000000
0.000000 0.000000
0.000000 0.000000
0.000000 0.000000
0.000000 0.000000
0.000000 0.000000
0.000000 0.000000
0.000000 0.000000
0.000000 0.000000
0.000000 0.000000
0.000000 0.000000
0.000000 0.000000
0.000000 0.000000
0.000000 0.000000
0.000000 0.000000
0.000000 0.000000
0.000000 0.000000
0.000000 0.000000
0.000000 0.000000
0.000000 0.000000
0.000000 0.000000
0.000000 0.000000
0.000000 0.000000
0.000000 0.000000
0.000000 0.000000
0.000000 0.000000
0.000000 0.000000
0.000000 0.000000
0.000000 0.000000
0.000000 0.000000
0.000000 0.000000
0.000000 0.000000
0.000000 0.000000
0.000000 0.000000
0.000000 0.000000
0.000000 0.000000
0.000000 0.000000
0.000000 0.000000
0.000000 0.000000
0.000000 0.000000
0.000000 0.000000
0.000000 0.000000
0.000000 0.000000
0.000000 0.000000
0.000000 0.000000
0.000000 0.000000
0.000000 0.000000
0.000000 0.000000
0.000000 0.000000
0.000000 0.000000
0.000000 0.000000
0.000000 0.000000
0.000000 0.000000
0.000000 0.000000
0.000000 0.000000
0.000000 0.000000
0.000000 0.000000
0.000000 0.000000
0.000000 0.000000
0.000000 0.000000
0.000000 0.000000
0.000000 0.000000
0.000000 0.000000
0.000000 0.000000
0.000000 0.000000
0.000000 0.000000
0.000000 0.000000
0.000000 0.000000
0.000000 0.000000
0.000000 0.000000
0.000000 0.000000
0.000000 0.000000
0.000000 0.000000
0.000000 0.000000
0.000000 0.000000
0.000000 0.000000
0.000000 0.000000
0.000000 0.000000
0.000000 0.000000
0.000000 0.000000
0.000000 0.000000
0.000000 0.000000
0.000000 0.000000
0.000000 0.000000
0.000000 0.000000
0.000000 0.000000
0.000000 0.000000
0.000000 0.000000
0.000000 0.000000
0.000000 0.000000
0.000000 0.000000
0.000000 0.000000
0.000000 0.000000
0.000000 0.000000
0.000000 0.000000
0.000000 0.000000
0.000000 0.000000
0.000000 0.000000
0.000000 0.000000
0.000000 0.000000
0.000000 0.000000
0.000000 0.000000
0.000000 0.000000
0.000000 0.000000
0.000000 0.000000
0.000000 0.000000
0.000000 0.000000
0.000000 0.000000
0.000000 0.000000
0.000000 0.000000
0.000000 0.000000
0.000000 0.000000
0.000000 0.000000
0.000000 0.000000
0.000000 0.000000
0.000000 0.000000
0.000000 0.000000
0.000000 0.000000
0.000000 0.000000
0.000000 0.000000
0.000000 0.000000
0.000000 0.000000
0.000000 0.000000
0.000000 0.000000
0.000000 0.000000
0.000000 0.000000
0.000000 0.000000
0.000000 0.000000
0.000000 0.000000
0.000000 0.000000
0.000000 0.000000
0.000000 0.000000
0.000000 0.000000
0.000000 0.000000
0.000000 0.000000
0.000000 0.000000
0.000000 0.000000
0.000000 0.000000
0.000000 0.000000
0.000000 0.000000
0.000000 0.000000
0.000000 0.000000
0.000000 0.000000
0.000000 0.000000
0.000000 0.000000
0.000000 0.000000
0.000000 0.000000
0.000000 0.000000
0.000000 0.000000
0.000000 0.000000
0.000000 0.000000
0.000000 0.000000
0.000000 0.000000
0.000000 0.000000
0.000000 0.000000
0.000000 0.000000
0.000000 0.000000
0.000000 0.000000
0.000000 0.000000
0.000000 0.000000
0.000000 0.000000
0.000000 0.000000
0.000000 0.000000
0.000000 0.000000
0.000000 0.000000
0.000000 0.000000
0.000000 0.000000
0.000000 0.000000
0.000000 0.000000
0.000000 0.000000
0.000000 0.000000
0.000000 0.000000
0.000000 0.000000
0.000000 0.000000
0.000000 0.000000
0.000000 0.000000
0.000000 0.000000
0.000000 0.000000
0.000000 0.000000
0.000000 0.000000
0.000000 0.000000
0.000000 0.000000
0.000000 0.000000
0.000000 0.000000
0.000000 0.000000
0.000000 0.000000
0.000000 0.000000
0.000000 0.000000
0.000000 0.000000
0.000000 0.000000
0.000000 0.000000
0.000000 0.000000
0.000000 0.000000
0.000000 0.000000
0.000000 0.000000
0.000000 0.000000
0.000000 0.000000
0.000000 0.000000
0.000000 0.000000
-8848.000000 -1264.000000
6320.000000 -3792.000000
-8848.000000 -6320.000000
-3792.000000 6320.000000
1264.000000 1264.000000
-3792.000000 -6320.000000
-1264.000000 1264.000000
-3792.000000 -8848.000000
6320.000000 -1264.000000
6320.000000 1264.000000
-3792.000000 -1264.000000
6320.000000 8848.000000
-3792.000000 6320.000000
3792.000000 -6320.000000
3792.000000 -6320.000000
3792.000000 1264.000000
-1264.000000 1264.000000
1264.000000 1264.000000
8848.000000 6320.000000
8192.000000 0.000000
1264.000000 1264.000000
-3792.000000 8848.000000
8848.000000 -8848.000000
-8848.000000 -8848.000000
6320.000000 3792.000000
-8848.000000 8848.000000
-8848.000000 -8848.000000
6320.000000 -1264.000000
-8848.000000 -6320.000000
1264.000000 -3792.000000
8848.000000 8848.000000
8848.000000 -6320.000000
3792.000000 6320.000000
3792.000000 -8848.000000
-8848.000000 6320.000000
1264.000000 -1264.000000
-1264.000000 3792.000000
1264.000000 3792.000000
1264.000000 -6320.000000
8848.000000 -3792.000000
6320.000000 -8848.000000
8848.000000 3792.000000
6320.000000 3792.000000
1264.000000 6320.000000
8848.000000 -3792.000000
-1264.000000 -1264.000000
-6320.000000 -3792.000000
8192.000000 0.000000
-1264.000000 -3792.000000
-6320.000000 -3792.000000
6320.000000 -3792.000000
-8848.000000 -6320.000000
-1264.000000 -1264.000000
1264.000000 1264.000000
-3792.000000 -6320.000000
-3792.000000 -8848.000000
-3792.000000 1264.000000
-8848.000000 -8848.000000
-8848.000000 6320.000000
-1264.000000 1264.000000
3792.000000 8848.000000
-8848.000000 -6320.000000
-3792.000000 -8848.000000
6320.000000 3792.000000
-8848.000000 6320.000000
8848.000000 8848.000000
8848.000000 3792.000000
1264.000000 -6320.000000
3792.000000 -1264.000000
-6320.000000 3792.000000
6320.000000 -3792.000000
-1264.000000 -6320.000000
3792.000000 -1264.000000
1264.000000 -1264.000000
-1264.000000 1264.000000
-1264.000000 3792.000000
6320.000000 -1264.000000
-3792.000000 -8848.000000
-8848.000000 -6320.000000
1264.000000 -3792.000000
6320.000000 3792.000000
8848.000000 6320.000000
-3792.000000 -6320.000000
-8192.000000 0.000000
8848.000000 3792.000000
-6320.000000 -1264.000000
-1264.000000 3792.000000
6320.000000 1264.000000
-1264.000000 3792.000000
8848.000000 -6320.000000
1264.000000 3792.000000
-8848.000000 -6320.000000
3792.000000 -6320.000000
-1264.000000 1264.000000
-6320.000000 -3792.000000
6320.000000 -3792.000000
6320.000000 -3792.000000
-1264.000000 1264.000000
-1264.000000 -1264.000000
-1264.000000 -1264.000000
6320.000000 -8848.000000
-8848.000000 8848.000000
3792.000000 -6320.000000
8848.000000 8848.000000
8848.000000 -6320.000000
-3792.000000 8848.000000
-8848.000000 8848.000000
8848.000000 -6320.000000
1264.000000 -3792.000000
-8848.000000 -8848.000000
8848.000000 -6320.000000
8192.000000 0.000000
1264.000000 -8848.000000
6320.000000 -3792.000000
-6320.000000 -3792.000000
8848.000000 8848.000000
-6320.000000 -1264.000000
1264.000000 1264.000000
-3792.000000 8848.000000
-6320.000000 3792.000000
-8848.000000 8848.000000
0.000000 0.000000
