123.437500 -281.437500
91.222656 -318.072266
65.009766 -98.242188
8.636719 144.800781
-7.052734 174.468750
71.214844 14.160156
128.316406 -129.914062
33.654297 -102.832031
-129.660156 85.085938
-174.470703 292.998047
-93.371094 356.779297
-41.066406 223.888672
-72.970703 12.642578
-112.455078 -109.974609
-160.654297 -106.806641
-297.246094 -62.365234
-437.679688 -22.433594
-344.880859 32.955078
10.474609 54.232422
319.468750 -67.175781
309.537109 -276.988281
71.509766 -321.830078
-132.470703 -83.957031
-207.515625 188.251953
-190.988281 191.082031
-57.464844 10.755859
191.492188 -2.970703
361.759766 212.658203
273.644531 312.394531
81.783203 72.705078
105.078125 -232.835938
343.148438 -200.832031
455.001953 139.404297
267.888672 388.074219
16.435547 314.337891
-35.814453 75.539062
58.789062 -89.773438
128.996094 -136.636719
178.425781 -120.820312
259.244141 -46.615234
254.898438 69.273438
67.941406 126.470703
-102.835938 67.666016
23.349609 -12.798828
361.781250 2.181641
516.732422 88.607422
304.607422 146.457031
-30.955078 153.103516
-181.925781 137.943359
-125.267578 73.808594
-22.314453 -67.568359
32.298828 -191.802734
43.320312 -163.537109
44.703125 -7.929688
98.703125 109.513672
239.257812 118.564453
346.423828 119.835938
238.439453 187.644531
-25.503906 240.753906
-131.572266 188.283203
56.460938 89.955078
251.449219 65.644531
141.804688 119.476562
-134.585938 153.849609
-194.683594 109.865234
16.646484 8.517578
180.009766 -103.095703
105.828125 -166.345703
-44.722656 -117.392578
-101.117188 36.791016
-126.433594 187.707031
-181.990234 250.148438
-135.718750 266.105469
82.742188 295.373047
253.453125 276.457031
145.935547 133.425781
-112.929688 -37.007812
-206.406250 -67.875000
-74.697266 7.152344
58.380859 -3.521484
56.447266 -108.230469
9.275391 -77.693359
-2.421875 160.152344
-33.611328 313.019531
-112.296875 121.693359
-160.660156 -214.449219
-149.314453 -281.052734
-143.660156 -26.091797
-126.412109 196.312500
24.507812 143.027344
277.679688 -48.265625
373.359375 -162.390625
168.691406 -195.976562
-112.839844 -205.244141
-170.904297 -107.486328
-31.648438 152.652344
57.242188 394.798828
28.105469 392.562500
31.347656 193.208984
114.890625 40.658203
138.630859 26.625000
37.285156 22.847656
-77.140625 -55.792969
-137.392578 -127.498047
-212.285156 -116.968750
-287.041016 -73.310547
-195.453125 -55.300781
78.042969 -45.322266
256.654297 -41.203125
148.810547 -100.068359
-19.507812 -220.423828
72.093750 -304.048828
314.345703 -306.003906
308.675781 -296.062500
1.220703 -295.175781
-197.035156 -198.916016
-25.755859 20.269531
227.714844 184.830078
162.251953 154.792969
-161.998047 75.318359
-371.431641 167.105469
-344.603516 346.675781
-298.128906 310.099609
-351.210938 -3.990234
-340.664062 -286.957031
-152.488281 -268.210938
38.365234 -37.697266
23.746094 148.498047
-128.376953 202.250000
-206.580078 201.212891
-174.462891 193.271484
-158.738281 167.230469
-186.248047 133.056641
-138.796875 90.070312
27.746094 -15.658203
198.722656 -180.134766
276.726562 -273.410156
296.531250 -219.855469
306.263672 -152.566406
267.173828 -213.683594
156.894531 -288.568359
61.062500 -165.515625
51.179688 85.166016
54.857422 163.416016
-27.880859 -1.818359
-135.375000 -130.414062
-114.296875 -33.535156
38.322266 92.314453
146.535156 2.208984
93.880859 -191.843750
-34.593750 -209.019531
-98.685547 -43.642578
-83.437500 69.542969
-61.410156 61.662109
-59.205078 96.421875
-48.427734 218.357422
-20.277344 228.919922
6.218750 15.873047
17.404297 -224.535156
-4.728516 -240.533203
-76.091797 -43.943359
-144.613281 157.718750
-104.681641 221.703125
45.890625 136.976562
144.683594 -48.503906
71.775391 -225.929688
-60.785156 -247.148438
-76.437500 -95.609375
-20.607422 39.933594
-71.230469 2.474609
-190.625000 -105.921875
-137.316406 -98.964844
109.402344 -24.787109
226.130859 -87.378906
27.675781 -279.216797
-182.644531 -347.957031
-29.925781 -188.431641
335.556641 -33.957031
416.482422 -126.289062
92.455078 -369.552734
-209.892578 -472.039062
-141.306641 -317.935547
117.822266 -44.591797
195.740234 168.757812
41.837891 241.431641
-125.867188 178.845703
-182.205078 60.107422
-151.156250 3.257812
-37.990234 30.173828
135.998047 16.949219
217.029297 -108.041016
87.441406 -199.257812
-104.666016 -95.816406
-130.357422 82.990234
-44.650391 75.853516
-85.343750 -96.714844
-227.625000 -114.763672
-179.003906 155.527344
107.734375 417.398438
268.337891 349.818359
61.681641 51.787109
-231.029297 -138.898438
-209.253906 -121.705078
70.894531 -69.744141
237.886719 -73.292969
167.626953 -31.716797
56.464844 90.353516
5.730469 163.802734
-98.960938 126.955078
-269.435547 96.130859
-321.232422 137.250000
-199.656250 123.476562
-105.996094 -32.451172
-157.203125 -170.408203
-179.332031 -99.119141
-19.570312 88.830078
166.531250 127.962891
161.654297 -41.480469
36.673828 -209.791016
5.113281 -209.980469
64.625000 -97.677734
55.802734 20.302734
-9.156250 148.564453
30.216797 298.048828
155.287109 368.457031
160.193359 274.580078
12.787109 102.089844
-52.896484 -1.962891
94.332031 -41.707031
260.759766 -129.501953
220.039062 -247.429688
37.384766 -217.087891
-66.085938 25.544922
-29.205078 250.917969
40.447266 165.988281
66.595703 -204.185547
44.035156 -490.224609
-40.261719 -383.371094
-159.738281 8.890625
-187.017578 295.134766
-48.613281 256.757812
107.191406 63.158203
72.357422 -0.269531
-116.128906 97.808594
-212.705078 156.125000
-105.351562 74.003906
55.439453 -9.958984
96.029297 44.246094
17.886719 151.939453
-90.833984 132.513672
-178.751953 -23.148438
-198.076172 -149.416016
-101.937500 -137.232422
36.494141 -40.810547
43.138672 41.281250
-115.023438 70.533203
-241.937500 34.562500
-187.332031 -77.228516
-77.541016 -218.007812
-112.156250 -294.175781
-243.173828 -277.722656
-259.648438 -229.089844
-131.390625 -174.328125
-45.306641 -64.789062
-97.945312 83.839844
-163.845703 137.123047
-125.488281 35.232422
-49.886719 -68.701172
-39.822266 -10.603516
-54.908203 128.001953
-3.251953 152.173828
82.988281 90.005859
91.156250 156.546875
6.689453 356.013672
-56.205078 385.263672
-0.621094 77.484375
133.322266 -273.906250
203.466797 -268.654297
116.060547 42.062500
-43.785156 215.494141
-69.789062 20.078125
106.164062 -274.708984
266.128906 -285.767578
162.091797 4.744141
-104.191406 287.726562
-175.404297 318.892578
37.906250 131.792969
193.246094 -72.085938
37.462891 -117.962891
-172.763672 28.878906
-67.267578 236.638672
216.044922 301.753906
216.636719 153.386719
-97.066406 -43.964844
-224.355469 -66.855469
103.275391 97.412109
482.660156 240.230469
429.246094 192.689453
76.937500 11.736328
-72.068359 -118.673828
111.515625 -95.443359
298.236328 36.376953
273.615234 165.117188
189.748047 210.193359
198.867188 166.544922
197.369141 83.753906
76.849609 -13.009766
-47.755859 -167.267578
-44.226562 -394.330078
5.468750 -551.324219
-29.714844 -432.892578
-89.316406 -66.830078
-49.759766 205.871094
19.587891 88.476562
-51.066406 -290.570312
-234.529297 -513.880859
-312.074219 -376.388672
-183.632812 -75.191406
3.878906 129.179688
79.191406 234.712891
56.429688 354.259766
56.501953 426.240234
115.138672 297.798828
145.621094 35.357422
58.316406 -93.623047
-122.093750 8.740234
-253.542969 124.363281
-209.294922 43.968750
-39.648438 -133.296875
53.171875 -176.310547
-34.394531 -69.417969
-148.380859 14.070312
-82.972656 19.535156
107.710938 60.304688
168.240234 145.933594
14.845703 102.552734
-129.810547 -119.683594
-39.818359 -261.283203
225.953125 -79.257812
430.052734 253.859375
429.296875 321.634766
244.292969 21.132812
-25.888672 -291.294922
-242.031250 -286.009766
-277.009766 -78.996094
-157.160156 -5.000000
-69.945312 -122.839844
-111.460938 -178.187500
-132.957031 -23.765625
5.355469 157.310547
149.287109 128.064453
58.625000 -66.140625
-167.273438 -172.466797
-174.468750 -66.613281
104.375000 115.947266
303.929688 171.935547
153.970703 52.976562
-123.332031 -120.886719
-161.968750 -202.050781
13.197266 -138.583984
82.050781 5.640625
-60.498047 124.974609
-196.214844 172.691406
-165.128906 187.326172
-69.439453 211.121094
-35.345703 212.119141
-11.011719 133.306641
84.085938 7.755859
184.615234 -39.636719
187.785156 67.523438
118.025391 253.945312
62.476562 361.251953
32.306641 298.460938
1.906250 105.615234
12.091797 -103.382812
115.021484 -229.533203
258.541016 -237.664062
328.595703 -156.296875
285.332031 -43.701172
182.816406 46.990234
84.925781 72.640625
28.203125 -1.679688
27.830078 -158.791016
50.980469 -280.439453
29.626953 -212.125000
-34.505859 68.322266
-44.068359 382.322266
30.710938 510.019531
54.412109 405.103516
-69.386719 204.585938
-178.687500 51.212891
-46.039062 -23.353516
231.503906 -48.257812
283.988281 -36.531250
-17.607422 3.765625
-334.009766 39.816406
-298.382812 39.154297
2.355469 -1.199219
198.835938 -63.244141
163.384766 -106.603516
97.904297 -63.474609
134.363281 87.429688
134.050781 226.078125
-24.740234 178.423828
-187.917969 -40.283203
-133.935547 -181.242188
77.746094 -71.718750
161.212891 127.599609
-12.089844 136.625000
-246.632812 -36.146484
-285.751953 -113.589844
-131.126953 17.193359
-9.761719 135.279297
-64.019531 50.974609
-176.982422 -85.320312
-145.166016 -35.876953
37.876953 121.251953
162.371094 103.671875
73.826172 -119.718750
-129.457031 -259.917969
-234.796875 -133.890625
-182.494141 82.710938
-90.488281 134.230469
-47.308594 22.453125
-16.537109 -79.039062
33.449219 -99.408203
44.304688 -89.980469
-12.292969 -71.460938
-40.003906 -41.669922
47.533203 -71.441406
173.093750 -206.529297
195.882812 -308.660156
115.117188 -196.455078
45.560547 47.230469
21.880859 120.273438
-20.748047 -82.962891
-64.904297 -300.750000
17.744141 -265.482422
237.572266 -60.693359
374.958984 50.218750
234.232422 12.541016
-70.886719 -18.841797
-239.810547 8.755859
-173.632812 -15.800781
-88.615234 -106.341797
-196.150391 -97.269531
-396.384766 83.291016
-404.132812 249.039062
-132.330078 204.441406
179.638672 22.876953
256.548828 -79.869141
111.378906 -50.921875
-13.359375 -5.580078
15.253906 8.183594
75.726562 46.921875
24.728516 80.173828
-62.814453 -20.306641
-15.603516 -226.976562
150.179688 -288.107422
247.074219 -61.478516
207.781250 219.703125
164.966797 209.646484
183.742188 -79.337891
120.636719 -280.271484
-104.175781 -165.376953
-269.583984 66.892578
-125.009766 99.941406
183.988281 -66.339844
234.628906 -166.001953
-105.117188 -76.501953
-474.535156 27.693359
-485.074219 -37.791016
-190.867188 -200.201172
45.654297 -258.140625
12.833984 -174.712891
-186.058594 -103.863281
-334.382812 -153.712891
-308.146484 -250.330078
-131.742188 -258.447266
36.728516 -144.123047
13.994141 21.460938
-199.634766 149.767578
-370.619141 182.355469
-311.744141 113.611328
-140.011719 15.652344
-92.814453 -13.638672
-154.695312 20.039062
-98.337891 -1.751953
102.781250 -117.162109
173.603516 -166.511719
-43.123047 -7.628906
-298.041016 206.330078
-257.117188 170.744141
33.398438 -116.515625
212.906250 -273.085938
71.541016 -45.818359
-236.480469 287.796875
-420.542969 273.701172
-342.626953 -72.000000
-87.109375 -279.464844
127.966797 -102.417969
115.730469 144.550781
-89.525391 78.806641
-223.771484 -188.601562
-88.667969 -254.466797
179.005859 -32.267578
275.509766 164.906250
139.173828 127.681641
6.191406 16.681641
47.439453 28.958984
157.259766 66.535156
176.023438 -62.763672
