0.000000 0.000000
0.000000 0.000000
0.000000 0.000000
0.000000 0.000000
0.000000 0.000000
0.000000 0.000000
-0.462891 -0.462891
-0.154297 -0.462891
0.462891 -0.462891
-0.771484 -0.154297
0.154297 0.771484
0.154297 1.080078
-0.771484 1.080078
-0.462891 -1.080078
1.080078 0.154297
1.080078 1.080078
-0.154297 -0.154297
-0.462891 0.462891
-1.080078 0.771484
-0.154297 0.771484
-0.462891 0.154297
0.771484 0.462891
-0.462891 -0.771484
-0.771484 -1.080078
-1.080078 0.771484
1.000000 0.000000
0.154297 0.771484
0.462891 -0.462891
0.771484 -0.771484
-1.080078 -0.462891
0.154297 -0.154297
0.154297 -0.154297
-0.462891 -1.080078
1.080078 -0.462891
-0.771484 -1.080078
-0.154297 0.771484
-0.154297 0.154297
0.462891 -0.462891
-1.080078 0.154297
-1.080078 0.154297
0.154297 0.771484
0.154297 -0.154297
-0.154297 0.462891
0.154297 0.462891
0.462891 1.080078
0.771484 -0.771484
-0.462891 0.771484
-0.462891 -1.080078
1.080078 0.771484
1.080078 0.771484
-0.462891 -0.771484
0.154297 -0.771484
-0.154297 1.080078
1.000000 0.000000
0.771484 -0.154297
-1.080078 1.080078
1.080078 -0.771484
-0.462891 0.154297
-0.154297 -0.771484
-1.080078 -0.771484
-0.154297 0.462891
0.154297 1.080078
-1.080078 -0.771484
0.771484 1.080078
1.080078 -0.771484
-0.154297 -0.462891
0.462891 0.771484
0.154297 -0.462891
0.462891 1.080078
1.080078 0.771484
-0.771484 -1.080078
0.771484 -0.154297
-0.462891 -0.462891
-0.154297 0.462891
-0.462891 -0.771484
0.462891 0.154297
0.462891 0.154297
-0.462891 -1.080078
0.771484 -0.771484
-0.462891 0.154297
-1.080078 -0.462891
-0.462891 -1.080078
-0.462891 -0.462891
-0.154297 -0.154297
0.462891 -0.154297
-0.462891 0.154297
-0.462891 0.771484
0.154297 -0.771484
0.771484 0.154297
1.000000 0.000000
1.080078 0.771484
-0.154297 -0.462891
0.154297 -0.462891
-0.771484 1.080078
0.462891 0.462891
-0.154297 -0.462891
-1.080078 1.080078
0.462891 0.154297
0.462891 -0.154297
0.154297 -0.154297
0.462891 -1.080078
-1.080078 0.462891
0.462891 0.462891
0.462891 -0.154297
-0.771484 -0.462891
1.080078 1.080078
1.080078 -0.154297
-0.462891 -0.771484
-1.080078 -0.771484
-0.154297 -1.080078
0.462891 -0.154297
-0.462891 0.771484
-0.462891 -0.771484
1.080078 -0.771484
-0.771484 -0.154297
-0.771484 -1.080078
0.771484 -0.154297
-1.000000 0.000000
-0.462891 0.771484
-0.154297 0.771484
-0.462891 -1.080078
0.771484 -0.771484
-0.154297 1.080078
-1.080078 -0.154297
-0.462891 0.462891
1.080078 -1.080078
1.080078 1.080078
0.000000 0.000000
0.000000 0.000000
0.000000 0.000000
-1.080078 -0.462891
0.771484 -0.154297
0.154297 1.080078
-0.462891 0.771484
-1.080078 -0.462891
1.080078 0.154297
-0.154297 0.771484
-0.771484 -0.462891
-1.080078 0.462891
-1.000000 0.000000
0.462891 -0.771484
-1.080078 -0.462891
0.462891 -0.462891
-0.462891 -1.080078
1.080078 0.771484
1.080078 -0.462891
-1.080078 -0.462891
-1.080078 -0.771484
0.154297 -0.462891
0.154297 0.154297
0.154297 -0.462891
-0.154297 -0.771484
-0.462891 1.080078
1.080078 -1.080078
0.771484 -0.462891
-0.771484 0.462891
-0.462891 -0.771484
1.080078 -1.080078
0.462891 -0.462891
0.462891 -1.080078
0.462891 0.462891
-0.462891 -0.154297
0.154297 -1.080078
0.154297 0.462891
-0.771484 0.462891
0.771484 -1.080078
0.771484 -0.771484
1.000000 0.000000
-0.462891 -0.771484
-0.154297 0.154297
-0.771484 -1.080078
0.154297 -1.080078
-0.462891 -1.080078
-0.771484 0.154297
0.154297 0.154297
-0.154297 1.080078
-1.080078 0.462891
-1.080078 -0.771484
-0.154297 0.462891
0.462891 -0.771484
-0.771484 0.462891
0.154297 -0.154297
1.080078 1.080078
1.080078 -1.080078
0.154297 -0.154297
0.462891 1.080078
0.154297 1.080078
0.771484 1.080078
1.080078 -0.154297
-1.080078 0.462891
-0.462891 -0.462891
-0.154297 0.771484
0.771484 0.771484
-0.771484 0.154297
-0.462891 -0.771484
-1.080078 -1.080078
-1.080078 0.462891
-1.080078 0.771484
0.462891 -0.771484
-0.771484 0.771484
0.771484 0.771484
0.771484 0.154297
-0.154297 -0.771484
1.000000 0.000000
0.462891 1.080078
0.462891 -0.154297
1.080078 1.080078
0.154297 0.462891
0.154297 -0.462891
-0.771484 -0.154297
0.462891 1.080078
-1.080078 -0.154297
0.771484 1.080078
-0.154297 -1.080078
0.462891 0.154297
0.154297 0.771484
-0.771484 -0.154297
-0.462891 0.154297
0.462891 0.154297
0.462891 -1.080078
1.080078 -1.080078
1.080078 -0.154297
1.080078 -0.154297
0.462891 0.771484
0.771484 0.771484
-0.462891 -0.154297
0.771484 -0.771484
0.462891 -0.154297
-1.080078 -0.462891
0.771484 0.462891
1.080078 -1.080078
1.000000 0.000000
-0.462891 -1.080078
-0.154297 -0.154297
1.080078 0.771484
-1.080078 -0.771484
1.080078 -1.080078
-0.462891 1.080078
-0.154297 0.462891
-1.080078 -0.771484
-0.771484 0.771484
-0.771484 0.771484
1.080078 -0.462891
-1.080078 -0.154297
-1.080078 0.771484
-1.080078 0.154297
-0.462891 0.154297
-0.154297 -0.771484
-0.154297 0.462891
1.080078 -0.462891
-0.462891 -0.462891
0.000000 0.000000
0.000000 0.000000
0.000000 0.000000
0.000000 0.000000
0.000000 0.000000
0.000000 0.000000
0.000000 0.000000
0.000000 0.000000
0.000000 0.000000
0.000000 0.000000
0.000000 0.000000
0.771484 -0.154297
0.154297 -0.771484
-0.154297 -0.462891
-0.771484 0.154297
0.771484 -0.462891
-0.154297 -0.771484
-0.154297 -0.771484
-1.080078 -0.154297
0.154297 0.771484
-0.154297 -0.771484
0.771484 1.080078
-0.154297 1.080078
0.771484 1.080078
1.080078 0.462891
-0.462891 1.080078
0.462891 0.771484
1.080078 -0.462891
-1.080078 -0.771484
1.080078 0.154297
1.000000 0.000000
-0.771484 1.080078
-1.080078 0.154297
0.154297 -0.154297
-0.462891 -1.080078
-0.771484 -0.462891
-0.771484 1.080078
-1.080078 -0.462891
-0.154297 -0.154297
0.771484 0.462891
-1.080078 -0.462891
1.080078 -1.080078
1.080078 1.080078
1.080078 0.771484
-1.080078 0.771484
-0.154297 -1.080078
0.154297 0.154297
-0.154297 0.771484
-1.080078 -0.771484
-0.154297 1.080078
-0.462891 0.771484
-1.080078 -0.462891
-0.771484 -0.771484
-0.771484 1.080078
-0.154297 0.771484
-0.154297 0.771484
1.080078 0.154297
-0.771484 -0.154297
1.000000 0.000000
-1.080078 -0.462891
-0.154297 -0.462891
0.462891 0.154297
-0.771484 -1.080078
-0.771484 -0.462891
-0.771484 -0.462891
-1.080078 -1.080078
0.154297 1.080078
-0.154297 0.154297
-0.154297 -0.462891
1.080078 1.080078
0.154297 0.771484
-0.154297 -0.154297
1.080078 -0.462891
1.080078 -1.080078
0.154297 0.771484
1.080078 -0.462891
-0.462891 -1.080078
0.462891 -0.771484
-0.154297 -1.080078
1.080078 0.771484
0.771484 -0.154297
-0.462891 -0.771484
-0.771484 0.154297
-0.154297 0.462891
0.462891 -1.080078
0.771484 0.154297
-0.154297 -0.462891
0.154297 1.080078
-0.771484 1.080078
0.462891 -0.154297
0.462891 -0.462891
0.771484 0.154297
-0.462891 1.080078
-0.462891 0.771484
-1.000000 0.000000
-0.462891 0.771484
-1.080078 0.462891
-1.080078 1.080078
0.154297 0.771484
-0.771484 0.771484
0.771484 -0.771484
-0.462891 -0.462891
-0.771484 -0.462891
0.154297 -0.462891
0.462891 -0.154297
1.080078 -1.080078
0.771484 -0.462891
-0.771484 -0.771484
0.462891 -0.462891
0.154297 -0.771484
-1.080078 0.154297
0.154297 0.462891
0.462891 -0.462891
0.771484 -0.771484
1.080078 1.080078
-0.154297 -0.771484
-0.462891 -0.154297
-0.771484 0.154297
-0.771484 -0.154297
-0.771484 1.080078
0.771484 -0.771484
0.462891 0.771484
-1.000000 0.000000
1.080078 -0.771484
-0.154297 -0.154297
1.080078 0.154297
-1.080078 -1.080078
-0.771484 1.080078
1.080078 -0.462891
-1.080078 -1.080078
-0.771484 -0.154297
-1.080078 -0.154297
0.000000 0.000000
0.000000 0.000000
0.000000 0.000000
1.080078 1.080078
-1.080078 1.080078
0.771484 -1.080078
-0.771484 1.080078
0.771484 1.080078
0.771484 -0.771484
-0.462891 0.771484
0.462891 0.154297
-0.462891 -0.771484
1.000000 0.000000
0.154297 -1.080078
-0.154297 -1.080078
-0.462891 0.154297
1.080078 0.462891
0.462891 1.080078
-0.771484 -0.771484
0.462891 -1.080078
-1.080078 -0.771484
0.154297 -0.154297
0.771484 -0.771484
0.462891 -0.154297
-0.771484 0.462891
-0.462891 -0.154297
-0.154297 1.080078
0.154297 -0.462891
0.462891 -0.154297
0.771484 -0.462891
-0.154297 0.771484
-0.771484 -0.771484
0.154297 -0.462891
0.771484 -0.771484
0.771484 -0.771484
-0.771484 -0.154297
-0.771484 1.080078
1.080078 -0.462891
0.154297 -0.771484
1.080078 -0.462891
1.000000 0.000000
-0.462891 0.154297
0.154297 0.154297
-0.462891 1.080078
0.771484 -0.462891
0.462891 -0.771484
1.080078 0.154297
1.080078 0.462891
-1.080078 0.462891
0.462891 0.154297
1.080078 -1.080078
0.771484 0.154297
-0.154297 0.154297
0.771484 0.771484
0.462891 0.462891
0.462891 -0.154297
-0.771484 0.771484
0.771484 -0.771484
0.154297 -0.154297
0.771484 -0.771484
-0.462891 -1.080078
-0.771484 0.154297
-0.462891 -0.771484
1.080078 0.771484
-0.462891 -0.462891
1.080078 0.462891
-0.771484 0.154297
0.462891 -0.771484
0.771484 -0.154297
0.462891 1.080078
-0.154297 -0.462891
0.771484 -1.080078
0.771484 0.771484
-1.080078 0.462891
0.154297 -0.462891
0.462891 -0.154297
1.000000 0.000000
1.080078 -0.771484
-0.462891 0.771484
-0.771484 -0.462891
0.462891 -0.154297
1.080078 0.771484
0.771484 -0.771484
-1.080078 0.154297
-0.462891 1.080078
1.080078 -0.771484
-0.462891 -1.080078
-0.462891 0.154297
-1.080078 -0.462891
0.771484 -1.080078
-0.154297 -0.771484
-0.154297 -0.771484
0.462891 -0.771484
0.154297 -0.771484
0.154297 0.154297
-1.080078 0.462891
1.080078 -1.080078
0.771484 -0.462891
-0.154297 0.771484
-0.771484 -0.462891
-1.080078 -0.771484
0.462891 1.080078
1.080078 -0.462891
0.154297 1.080078
1.000000 0.000000
-0.771484 -0.462891
-0.154297 0.462891
-0.462891 -0.462891
-0.154297 -0.771484
-0.462891 1.080078
-0.771484 -0.771484
0.154297 -0.771484
-0.462891 1.080078
1.080078 -0.154297
-0.154297 0.462891
0.154297 0.771484
0.462891 0.462891
0.771484 0.462891
-0.154297 1.080078
-0.462891 1.080078
1.080078 1.080078
0.462891 -0.462891
-1.080078 -1.080078
-1.080078 0.154297
0.000000 0.000000
0.000000 0.000000
0.000000 0.000000
0.000000 0.000000
0.000000 0.000000
0.000000 0.000000
0.000000 0.000000
0.000000 0.000000
0.000000 0.000000
0.000000 0.000000
0.000000 0.000000
0.771484 -0.154297
0.154297 -0.771484
-0.154297 -0.462891
-0.771484 0.154297
0.771484 -0.462891
-0.154297 -0.771484
-0.154297 -0.771484
-1.080078 -0.154297
0.154297 0.771484
-0.154297 -0.771484
0.771484 1.080078
-0.154297 1.080078
0.771484 1.080078
1.080078 0.462891
-0.462891 1.080078
0.462891 0.771484
1.080078 -0.462891
-1.080078 -0.771484
1.080078 0.154297
1.000000 0.000000
-0.771484 1.080078
-1.080078 0.154297
0.154297 -0.154297
-0.462891 -1.080078
-0.771484 -0.462891
-0.771484 1.080078
-1.080078 -0.462891
-0.154297 -0.154297
0.771484 0.462891
-1.080078 -0.462891
1.080078 -1.080078
1.080078 1.080078
1.080078 0.771484
-1.080078 0.771484
-0.154297 -1.080078
0.154297 0.154297
-0.154297 0.771484
-1.080078 -0.771484
-0.154297 1.080078
-0.462891 0.771484
-1.080078 -0.462891
-0.771484 -0.771484
-0.771484 1.080078
-0.154297 0.771484
-0.154297 0.771484
1.080078 0.154297
-0.771484 -0.154297
-1.000000 0.000000
-1.080078 -0.462891
-0.154297 -0.462891
0.462891 0.154297
-0.771484 -1.080078
-0.771484 -0.462891
-0.771484 -0.462891
-1.080078 -1.080078
0.154297 1.080078
-0.154297 0.154297
-0.154297 -0.462891
1.080078 1.080078
0.154297 0.771484
-0.154297 -0.154297
1.080078 -0.462891
1.080078 -1.080078
0.154297 0.771484
1.080078 -0.462891
-0.462891 -1.080078
0.462891 -0.771484
-0.154297 -1.080078
1.080078 0.771484
0.771484 -0.154297
-0.462891 -0.771484
-0.771484 0.154297
-0.154297 0.462891
0.462891 -1.080078
0.771484 0.154297
-0.154297 -0.462891
0.154297 1.080078
-0.771484 1.080078
0.462891 -0.154297
0.462891 -0.462891
0.771484 0.154297
-0.462891 1.080078
-0.462891 0.771484
-1.000000 0.000000
-0.462891 0.771484
-1.080078 0.462891
-1.080078 1.080078
0.154297 0.771484
-0.771484 0.771484
0.771484 -0.771484
-0.462891 -0.462891
-0.771484 -0.462891
0.154297 -0.462891
0.462891 -0.154297
1.080078 -1.080078
0.771484 -0.462891
-0.771484 -0.771484
0.462891 -0.462891
0.154297 -0.771484
-1.080078 0.154297
0.154297 0.462891
0.462891 -0.462891
0.771484 -0.771484
1.080078 1.080078
-0.154297 -0.771484
-0.462891 -0.154297
-0.771484 0.154297
-0.771484 -0.154297
-0.771484 1.080078
0.771484 -0.771484
0.462891 0.771484
1.000000 0.000000
1.080078 -0.771484
-0.154297 -0.154297
1.080078 0.154297
-1.080078 -1.080078
-0.771484 1.080078
1.080078 -0.462891
-1.080078 -1.080078
-0.771484 -0.154297
-1.080078 -0.154297
0.000000 0.000000
0.000000 0.000000
0.000000 0.000000
1.080078 1.080078
-1.080078 1.080078
0.771484 -1.080078
-0.771484 1.080078
0.771484 1.080078
0.771484 -0.771484
-0.462891 0.771484
0.462891 0.154297
-0.462891 -0.771484
1.000000 0.000000
0.154297 -1.080078
-0.154297 -1.080078
-0.462891 0.154297
1.080078 0.462891
0.462891 1.080078
-0.771484 -0.771484
0.462891 -1.080078
-1.080078 -0.771484
0.154297 -0.154297
0.771484 -0.771484
0.462891 -0.154297
-0.771484 0.462891
-0.462891 -0.154297
-0.154297 1.080078
0.154297 -0.462891
0.462891 -0.154297
0.771484 -0.462891
-0.154297 0.771484
-0.771484 -0.771484
0.154297 -0.462891
0.771484 -0.771484
0.771484 -0.771484
-0.771484 -0.154297
-0.771484 1.080078
1.080078 -0.462891
0.154297 -0.771484
1.080078 -0.462891
1.000000 0.000000
-0.462891 0.154297
0.154297 0.154297
-0.462891 1.080078
0.771484 -0.462891
0.462891 -0.771484
1.080078 0.154297
1.080078 0.462891
-1.080078 0.462891
0.462891 0.154297
1.080078 -1.080078
0.771484 0.154297
-0.154297 0.154297
0.771484 0.771484
0.462891 0.462891
0.462891 -0.154297
-0.771484 0.771484
0.771484 -0.771484
0.154297 -0.154297
0.771484 -0.771484
-0.462891 -1.080078
-0.771484 0.154297
-0.462891 -0.771484
1.080078 0.771484
-0.462891 -0.462891
1.080078 0.462891
-0.771484 0.154297
0.462891 -0.771484
0.771484 -0.154297
0.462891 1.080078
-0.154297 -0.462891
0.771484 -1.080078
0.771484 0.771484
-1.080078 0.462891
0.154297 -0.462891
0.462891 -0.154297
1.000000 0.000000
1.080078 -0.771484
-0.462891 0.771484
-0.771484 -0.462891
0.462891 -0.154297
1.080078 0.771484
0.771484 -0.771484
-1.080078 0.154297
-0.462891 1.080078
1.080078 -0.771484
-0.462891 -1.080078
-0.462891 0.154297
-1.080078 -0.462891
0.771484 -1.080078
-0.154297 -0.771484
-0.154297 -0.771484
0.462891 -0.771484
0.154297 -0.771484
0.154297 0.154297
-1.080078 0.462891
1.080078 -1.080078
0.771484 -0.462891
-0.154297 0.771484
-0.771484 -0.462891
-1.080078 -0.771484
0.462891 1.080078
1.080078 -0.462891
0.154297 1.080078
1.000000 0.000000
-0.771484 -0.462891
-0.154297 0.462891
-0.462891 -0.462891
-0.154297 -0.771484
-0.462891 1.080078
-0.771484 -0.771484
0.154297 -0.771484
-0.462891 1.080078
1.080078 -0.154297
-0.154297 0.462891
0.154297 0.771484
0.462891 0.462891
0.771484 0.462891
-0.154297 1.080078
-0.462891 1.080078
1.080078 1.080078
0.462891 -0.462891
-1.080078 -1.080078
-1.080078 0.154297
0.000000 0.000000
0.000000 0.000000
0.000000 0.000000
0.000000 0.000000
0.000000 0.000000
0.000000 0.000000
0.000000 0.000000
0.000000 0.000000
0.000000 0.000000
0.000000 0.000000
0.000000 0.000000
0.771484 -0.154297
0.154297 -0.771484
-0.154297 -0.462891
-0.771484 0.154297
0.771484 -0.462891
-0.154297 -0.771484
-0.154297 -0.771484
-1.080078 -0.154297
0.154297 0.771484
-0.154297 -0.771484
0.771484 1.080078
-0.154297 1.080078
0.771484 1.080078
1.080078 0.462891
-0.462891 1.080078
0.462891 0.771484
1.080078 -0.462891
-1.080078 -0.771484
1.080078 0.154297
-1.000000 0.000000
-0.771484 1.080078
-1.080078 0.154297
0.154297 -0.154297
-0.462891 -1.080078
-0.771484 -0.462891
-0.771484 1.080078
-1.080078 -0.462891
-0.154297 -0.154297
0.771484 0.462891
-1.080078 -0.462891
1.080078 -1.080078
1.080078 1.080078
1.080078 0.771484
-1.080078 0.771484
-0.154297 -1.080078
0.154297 0.154297
-0.154297 0.771484
-1.080078 -0.771484
-0.154297 1.080078
-0.462891 0.771484
-1.080078 -0.462891
-0.771484 -0.771484
-0.771484 1.080078
-0.154297 0.771484
-0.154297 0.771484
1.080078 0.154297
-0.771484 -0.154297
-1.000000 0.000000
-1.080078 -0.462891
-0.154297 -0.462891
0.462891 0.154297
-0.771484 -1.080078
-0.771484 -0.462891
-0.771484 -0.462891
-1.080078 -1.080078
0.154297 1.080078
-0.154297 0.154297
-0.154297 -0.462891
1.080078 1.080078
0.154297 0.771484
-0.154297 -0.154297
1.080078 -0.462891
1.080078 -1.080078
0.154297 0.771484
1.080078 -0.462891
-0.462891 -1.080078
0.462891 -0.771484
-0.154297 -1.080078
1.080078 0.771484
0.771484 -0.154297
-0.462891 -0.771484
-0.771484 0.154297
-0.154297 0.462891
0.462891 -1.080078
0.771484 0.154297
-0.154297 -0.462891
0.154297 1.080078
-0.771484 1.080078
0.462891 -0.154297
0.462891 -0.462891
0.771484 0.154297
-0.462891 1.080078
-0.462891 0.771484
1.000000 0.000000
-0.462891 0.771484
-1.080078 0.462891
-1.080078 1.080078
0.154297 0.771484
-0.771484 0.771484
0.771484 -0.771484
-0.462891 -0.462891
-0.771484 -0.462891
0.154297 -0.462891
0.462891 -0.154297
1.080078 -1.080078
0.771484 -0.462891
-0.771484 -0.771484
0.462891 -0.462891
0.154297 -0.771484
-1.080078 0.154297
0.154297 0.462891
0.462891 -0.462891
0.771484 -0.771484
1.080078 1.080078
-0.154297 -0.771484
-0.462891 -0.154297
-0.771484 0.154297
-0.771484 -0.154297
-0.771484 1.080078
0.771484 -0.771484
0.462891 0.771484
1.000000 0.000000
1.080078 -0.771484
-0.154297 -0.154297
1.080078 0.154297
-1.080078 -1.080078
-0.771484 1.080078
1.080078 -0.462891
-1.080078 -1.080078
-0.771484 -0.154297
-1.080078 -0.154297
0.000000 0.000000
0.000000 0.000000
0.000000 0.000000
1.080078 1.080078
-1.080078 1.080078
0.771484 -1.080078
-0.771484 1.080078
0.771484 1.080078
0.771484 -0.771484
-0.462891 0.771484
0.462891 0.154297
-0.462891 -0.771484
1.000000 0.000000
0.154297 -1.080078
-0.154297 -1.080078
-0.462891 0.154297
1.080078 0.462891
0.462891 1.080078
-0.771484 -0.771484
0.462891 -1.080078
-1.080078 -0.771484
0.154297 -0.154297
0.771484 -0.771484
0.462891 -0.154297
-0.771484 0.462891
-0.462891 -0.154297
-0.154297 1.080078
0.154297 -0.462891
0.462891 -0.154297
0.771484 -0.462891
-0.154297 0.771484
-0.771484 -0.771484
0.154297 -0.462891
0.771484 -0.771484
0.771484 -0.771484
-0.771484 -0.154297
-0.771484 1.080078
1.080078 -0.462891
0.154297 -0.771484
1.080078 -0.462891
1.000000 0.000000
-0.462891 0.154297
0.154297 0.154297
-0.462891 1.080078
0.771484 -0.462891
0.462891 -0.771484
1.080078 0.154297
1.080078 0.462891
-1.080078 0.462891
0.462891 0.154297
1.080078 -1.080078
0.771484 0.154297
-0.154297 0.154297
0.771484 0.771484
0.462891 0.462891
0.462891 -0.154297
-0.771484 0.771484
0.771484 -0.771484
0.154297 -0.154297
0.771484 -0.771484
-0.462891 -1.080078
-0.771484 0.154297
-0.462891 -0.771484
1.080078 0.771484
-0.462891 -0.462891
1.080078 0.462891
-0.771484 0.154297
0.462891 -0.771484
0.771484 -0.154297
0.462891 1.080078
-0.154297 -0.462891
0.771484 -1.080078
0.771484 0.771484
-1.080078 0.462891
0.154297 -0.462891
0.462891 -0.154297
1.000000 0.000000
1.080078 -0.771484
-0.462891 0.771484
-0.771484 -0.462891
0.462891 -0.154297
1.080078 0.771484
0.771484 -0.771484
-1.080078 0.154297
-0.462891 1.080078
1.080078 -0.771484
-0.462891 -1.080078
-0.462891 0.154297
-1.080078 -0.462891
0.771484 -1.080078
-0.154297 -0.771484
-0.154297 -0.771484
0.462891 -0.771484
0.154297 -0.771484
0.154297 0.154297
-1.080078 0.462891
1.080078 -1.080078
0.771484 -0.462891
-0.154297 0.771484
-0.771484 -0.462891
-1.080078 -0.771484
0.462891 1.080078
1.080078 -0.462891
0.154297 1.080078
1.000000 0.000000
-0.771484 -0.462891
-0.154297 0.462891
-0.462891 -0.462891
-0.154297 -0.771484
-0.462891 1.080078
-0.771484 -0.771484
0.154297 -0.771484
-0.462891 1.080078
1.080078 -0.154297
-0.154297 0.462891
0.154297 0.771484
0.462891 0.462891
0.771484 0.462891
-0.154297 1.080078
-0.462891 1.080078
1.080078 1.080078
0.462891 -0.462891
-1.080078 -1.080078
-1.080078 0.154297
0.000000 0.000000
0.000000 0.000000
0.000000 0.000000
0.000000 0.000000
0.000000 0.000000
0.000000 0.000000
0.000000 0.000000
0.000000 0.000000
0.000000 0.000000
0.000000 0.000000
0.000000 0.000000
0.771484 -0.154297
0.154297 -0.771484
-0.154297 -0.462891
-0.771484 0.154297
0.771484 -0.462891
-0.154297 -0.771484
-0.154297 -0.771484
-1.080078 -0.154297
0.154297 0.771484
-0.154297 -0.771484
0.771484 1.080078
-0.154297 1.080078
0.771484 1.080078
1.080078 0.462891
-0.462891 1.080078
0.462891 0.771484
1.080078 -0.462891
-1.080078 -0.771484
1.080078 0.154297
-1.000000 0.000000
-0.771484 1.080078
-1.080078 0.154297
0.154297 -0.154297
-0.462891 -1.080078
-0.771484 -0.462891
-0.771484 1.080078
-1.080078 -0.462891
-0.154297 -0.154297
0.771484 0.462891
-1.080078 -0.462891
1.080078 -1.080078
1.080078 1.080078
1.080078 0.771484
-1.080078 0.771484
-0.154297 -1.080078
0.154297 0.154297
-0.154297 0.771484
-1.080078 -0.771484
-0.154297 1.080078
-0.462891 0.771484
-1.080078 -0.462891
-0.771484 -0.771484
-0.771484 1.080078
-0.154297 0.771484
-0.154297 0.771484
1.080078 0.154297
-0.771484 -0.154297
1.000000 0.000000
-1.080078 -0.462891
-0.154297 -0.462891
0.462891 0.154297
-0.771484 -1.080078
-0.771484 -0.462891
-0.771484 -0.462891
-1.080078 -1.080078
0.154297 1.080078
-0.154297 0.154297
-0.154297 -0.462891
1.080078 1.080078
0.154297 0.771484
-0.154297 -0.154297
1.080078 -0.462891
1.080078 -1.080078
0.154297 0.771484
1.080078 -0.462891
-0.462891 -1.080078
0.462891 -0.771484
-0.154297 -1.080078
1.080078 0.771484
0.771484 -0.154297
-0.462891 -0.771484
-0.771484 0.154297
-0.154297 0.462891
0.462891 -1.080078
0.771484 0.154297
-0.154297 -0.462891
0.154297 1.080078
-0.771484 1.080078
0.462891 -0.154297
0.462891 -0.462891
0.771484 0.154297
-0.462891 1.080078
-0.462891 0.771484
1.000000 0.000000
-0.462891 0.771484
-1.080078 0.462891
-1.080078 1.080078
0.154297 0.771484
-0.771484 0.771484
0.771484 -0.771484
-0.462891 -0.462891
-0.771484 -0.462891
0.154297 -0.462891
0.462891 -0.154297
1.080078 -1.080078
0.771484 -0.462891
-0.771484 -0.771484
0.462891 -0.462891
0.154297 -0.771484
-1.080078 0.154297
0.154297 0.462891
0.462891 -0.462891
0.771484 -0.771484
1.080078 1.080078
-0.154297 -0.771484
-0.462891 -0.154297
-0.771484 0.154297
-0.771484 -0.154297
-0.771484 1.080078
0.771484 -0.771484
0.462891 0.771484
1.000000 0.000000
1.080078 -0.771484
-0.154297 -0.154297
1.080078 0.154297
-1.080078 -1.080078
-0.771484 1.080078
1.080078 -0.462891
-1.080078 -1.080078
-0.771484 -0.154297
-1.080078 -0.154297
0.000000 0.000000
0.000000 0.000000
0.000000 0.000000
1.080078 1.080078
-1.080078 1.080078
0.771484 -1.080078
-0.771484 1.080078
0.771484 1.080078
0.771484 -0.771484
-0.462891 0.771484
0.462891 0.154297
-0.462891 -0.771484
1.000000 0.000000
0.154297 -1.080078
-0.154297 -1.080078
-0.462891 0.154297
1.080078 0.462891
0.462891 1.080078
-0.771484 -0.771484
0.462891 -1.080078
-1.080078 -0.771484
0.154297 -0.154297
0.771484 -0.771484
0.462891 -0.154297
-0.771484 0.462891
-0.462891 -0.154297
-0.154297 1.080078
0.154297 -0.462891
0.462891 -0.154297
0.771484 -0.462891
-0.154297 0.771484
-0.771484 -0.771484
0.154297 -0.462891
0.771484 -0.771484
0.771484 -0.771484
-0.771484 -0.154297
-0.771484 1.080078
1.080078 -0.462891
0.154297 -0.771484
1.080078 -0.462891
1.000000 0.000000
-0.462891 0.154297
0.154297 0.154297
-0.462891 1.080078
0.771484 -0.462891
0.462891 -0.771484
1.080078 0.154297
1.080078 0.462891
-1.080078 0.462891
0.462891 0.154297
1.080078 -1.080078
0.771484 0.154297
-0.154297 0.154297
0.771484 0.771484
0.462891 0.462891
0.462891 -0.154297
-0.771484 0.771484
0.771484 -0.771484
0.154297 -0.154297
0.771484 -0.771484
-0.462891 -1.080078
-0.771484 0.154297
-0.462891 -0.771484
1.080078 0.771484
-0.462891 -0.462891
1.080078 0.462891
-0.771484 0.154297
0.462891 -0.771484
0.771484 -0.154297
0.462891 1.080078
-0.154297 -0.462891
0.771484 -1.080078
0.771484 0.771484
-1.080078 0.462891
0.154297 -0.462891
0.462891 -0.154297
1.000000 0.000000
1.080078 -0.771484
-0.462891 0.771484
-0.771484 -0.462891
0.462891 -0.154297
1.080078 0.771484
0.771484 -0.771484
-1.080078 0.154297
-0.462891 1.080078
1.080078 -0.771484
-0.462891 -1.080078
-0.462891 0.154297
-1.080078 -0.462891
0.771484 -1.080078
-0.154297 -0.771484
-0.154297 -0.771484
0.462891 -0.771484
0.154297 -0.771484
0.154297 0.154297
-1.080078 0.462891
1.080078 -1.080078
0.771484 -0.462891
-0.154297 0.771484
-0.771484 -0.462891
-1.080078 -0.771484
0.462891 1.080078
1.080078 -0.462891
0.154297 1.080078
-1.000000 0.000000
-0.771484 -0.462891
-0.154297 0.462891
-0.462891 -0.462891
-0.154297 -0.771484
-0.462891 1.080078
-0.771484 -0.771484
0.154297 -0.771484
-0.462891 1.080078
1.080078 -0.154297
-0.154297 0.462891
0.154297 0.771484
0.462891 0.462891
0.771484 0.462891
-0.154297 1.080078
-0.462891 1.080078
1.080078 1.080078
0.462891 -0.462891
-1.080078 -1.080078
-1.080078 0.154297
0.000000 0.000000
0.000000 0.000000
0.000000 0.000000
0.000000 0.000000
0.000000 0.000000
