0.038330 0.390747
0.402344 0.121948
0.215454 0.228027
-0.241211 -0.005615
-0.403198 -0.672729
-0.239014 -1.107666
-0.055176 -0.918091
-0.091797 -0.372559
-0.127075 -0.048828
0.151001 -0.149170
0.549194 -0.326904
0.529785 -0.197144
-0.015015 0.167480
-0.520874 0.383301
-0.455200 0.293579
0.018311 0.146484
0.345947 0.198242
0.350464 0.333130
0.322510 0.244263
0.415527 -0.090698
0.390015 -0.336548
0.106201 -0.251831
-0.118164 -0.027222
0.031372 -0.011719
0.282227 -0.201782
0.086060 -0.235474
-0.527100 0.064453
-0.853271 0.363892
-0.435059 0.228394
0.282837 -0.239136
0.512207 -0.439331
0.098267 -0.031128
-0.427368 0.561523
-0.648560 0.613647
-0.668091 0.000000
-0.648804 -0.613892
-0.427490 -0.561523
0.098022 0.031006
0.512085 0.439331
0.282715 0.239136
-0.435181 -0.228516
-0.853394 -0.364014
-0.527100 -0.064453
0.085938 0.235474
0.282227 0.201782
0.031250 0.011719
-0.118164 0.027222
0.106079 0.251831
0.390015 0.336548
0.415405 0.090698
0.322510 -0.244263
0.350464 -0.333130
0.345825 -0.198242
0.018311 -0.146484
-0.455200 -0.293579
-0.520996 -0.383301
-0.015015 -0.167480
0.529785 0.197144
0.549072 0.326904
0.151001 0.149170
-0.127075 0.048828
-0.091919 0.372559
-0.055298 0.918091
-0.239136 1.107666
-0.403320 0.672729
-0.241211 0.005737
0.133545 -0.267212
0.369385 0.021973
0.393799 0.443359
0.435181 0.501343
0.555786 0.177368
0.493164 -0.121948
0.092529 -0.066895
-0.355225 0.259277
-0.438477 0.515991
-0.157227 0.488770
0.105957 0.262573
0.108032 0.064209
-0.004639 0.013184
-0.011597 0.031250
0.051514 -0.042480
0.026733 -0.268066
-0.055298 -0.511475
-0.009399 -0.542480
0.200073 -0.263428
0.377930 0.140381
0.356689 0.333984
0.192017 0.170166
0.035889 -0.123779
-0.060547 -0.171143
-0.118042 0.124390
-0.096313 0.444458
0.060425 0.411621
0.261230 0.033936
0.277588 -0.301270
-0.029053 -0.285767
-0.550537 -0.035034
-1.018677 0.100830
-1.202637 0.000000
-1.018677 -0.100952
-0.550537 0.035034
-0.029175 0.285767
0.277588 0.301270
0.261230 -0.033936
0.060547 -0.411621
-0.096313 -0.444458
-0.118042 -0.124390
-0.060669 0.171143
0.035889 0.123779
0.192017 -0.170044
0.356689 -0.333984
0.377930 -0.140381
0.200073 0.263428
-0.009399 0.542480
-0.055298 0.511475
0.026855 0.268066
0.051514 0.042603
-0.011597 -0.031250
-0.004639 -0.013184
0.108032 -0.064209
0.105957 -0.262451
-0.157104 -0.488770
-0.438477 -0.515991
-0.355225 -0.259277
0.092529 0.066895
0.493042 0.121948
0.555786 -0.177368
0.435303 -0.501343
0.393799 -0.443237
0.369385 -0.021973
0.133545 0.267212
-0.241211 -0.005615
-0.403198 -0.672729
-0.239014 -1.107666
-0.055176 -0.918091
-0.091797 -0.372559
-0.127075 -0.048828
0.151001 -0.149170
0.549194 -0.326904
0.529785 -0.197144
-0.015015 0.167480
-0.520874 0.383301
-0.455200 0.293579
0.018311 0.146484
0.345947 0.198242
0.350464 0.333130
0.322510 0.244263
0.415527 -0.090698
0.390015 -0.336548
0.106201 -0.251831
-0.118164 -0.027222
0.031372 -0.011719
0.282227 -0.201782
0.086060 -0.235474
-0.527100 0.064453
-0.853271 0.363892
-0.435059 0.228394
0.282837 -0.239136
0.512207 -0.439331
0.098267 -0.031128
0.611328 0.039185
0.097168 -0.135742
-0.347412 -0.652466
-0.239014 -1.107666
-0.055298 -0.918213
-0.091797 -0.372559
-0.126953 -0.048828
0.151001 -0.149048
0.549072 -0.326904
0.529663 -0.197266
-0.015137 0.167358
-0.520996 0.383179
-0.455200 0.293579
0.018311 0.146362
0.345947 0.198242
0.350464 0.333008
0.322632 0.244263
0.415405 -0.090698
0.389893 -0.336548
0.106201 -0.251831
-0.118042 -0.027100
0.031372 -0.011597
0.282349 -0.201904
0.086060 -0.235352
-0.526978 0.064575
-0.853149 0.364136
-0.434937 0.228516
0.283081 -0.239136
0.512207 -0.439331
0.098022 -0.031128
-0.427612 0.561523
-0.648682 0.613647
-0.667969 0.000000
-0.648438 -0.613403
-0.427246 -0.561279
0.098145 0.031128
0.512085 0.439331
0.282715 0.239136
-0.435303 -0.228394
-0.853516 -0.363892
-0.527100 -0.064453
0.086060 0.235474
0.282349 0.201904
0.031250 0.011719
-0.118164 0.027222
0.106079 0.251709
0.389893 0.336548
0.415405 0.090698
0.322510 -0.244263
0.350342 -0.333130
0.345825 -0.198242
0.018188 -0.146484
-0.455200 -0.293579
-0.520874 -0.383423
-0.014893 -0.167480
0.529785 0.197021
0.549072 0.326904
0.150879 0.149048
-0.127075 0.048706
-0.091919 0.372314
-0.055298 0.917969
-0.239136 1.107666
-0.403198 0.672729
-0.241089 0.005737
0.133545 -0.267212
0.369263 0.021973
0.393677 0.443237
0.435181 0.501221
0.555786 0.177246
0.493042 -0.121826
0.092407 -0.066650
-0.355347 0.259399
-0.438477 0.515869
-0.157227 0.488647
0.105835 0.262451
0.108032 0.064331
-0.004639 0.013184
-0.011597 0.031250
0.051514 -0.042603
0.026733 -0.268066
-0.055420 -0.511475
-0.009521 -0.542480
0.199951 -0.263550
0.377808 0.140259
0.356689 0.333984
0.192139 0.170044
0.036011 -0.123901
-0.060425 -0.171265
-0.117920 0.124390
-0.096313 0.444458
0.060425 0.411621
0.261108 0.033936
0.277588 -0.301270
-0.029053 -0.285767
-0.550537 -0.035034
-1.018555 0.100830
-1.202393 0.000000
-1.018555 -0.100952
-0.550537 0.035156
-0.029175 0.286011
0.277588 0.301392
0.261230 -0.033813
0.060547 -0.411621
-0.096313 -0.444580
-0.118042 -0.124390
-0.060669 0.171143
0.035889 0.123901
0.192017 -0.169922
0.356689 -0.333984
0.377930 -0.140503
0.200073 0.263428
-0.009399 0.542480
-0.055298 0.511597
0.026733 0.268066
0.051392 0.042480
-0.011597 -0.031250
-0.004639 -0.013062
0.108032 -0.064209
0.105957 -0.262451
-0.157104 -0.488770
-0.438477 -0.515869
-0.355225 -0.259277
0.092529 0.066772
0.493042 0.121948
0.555786 -0.177246
0.435181 -0.501099
0.393799 -0.443237
0.369263 -0.021973
0.133545 0.267212
-0.241211 -0.005615
-0.403198 -0.672729
-0.239014 -1.107666
-0.055298 -0.918213
-0.091797 -0.372559
-0.126953 -0.048828
0.151001 -0.149048
0.549072 -0.326904
0.529663 -0.197266
-0.015137 0.167358
-0.520996 0.383179
-0.455200 0.293579
0.018311 0.146362
0.345947 0.198242
0.350464 0.333008
0.322632 0.244263
0.415405 -0.090698
0.389893 -0.336548
0.106201 -0.251831
-0.118042 -0.027100
0.031372 -0.011597
0.282349 -0.201904
0.086060 -0.235352
-0.526978 0.064575
-0.853149 0.364136
-0.434937 0.228516
0.283081 -0.239136
0.512207 -0.439331
0.098022 -0.031128
-0.427612 0.561523
-0.648682 0.613647
-0.078369 -0.554199
-0.188477 -0.887451
-0.021484 -0.855957
-0.091919 -0.372681
-0.127075 -0.048828
0.151001 -0.149170
0.549194 -0.326904
0.529785 -0.197144
-0.015015 0.167480
-0.520874 0.383301
-0.455078 0.293579
0.018311 0.146484
0.345825 0.198364
0.350464 0.333130
0.322510 0.244263
0.415527 -0.090576
0.390015 -0.336426
0.106323 -0.251709
-0.118042 -0.027100
0.031494 -0.011597
0.282349 -0.201782
0.085938 -0.235474
-0.527100 0.064453
-0.853271 0.363892
-0.435059 0.228394
0.282837 -0.239136
0.511963 -0.439331
0.098022 -0.031128
-0.427368 0.561523
-0.648560 0.613647
-0.667969 0.000000
-0.648560 -0.613647
-0.427368 -0.561401
0.098511 0.031494
0.512451 0.439697
0.283081 0.239258
-0.435059 -0.228394
-0.853516 -0.364136
-0.527222 -0.064575
0.085938 0.235352
0.282227 0.201904
0.031128 0.011719
-0.118286 0.027100
0.105957 0.251831
0.390015 0.336548
0.415405 0.090698
0.322388 -0.244385
0.350220 -0.333252
0.345825 -0.198242
0.018433 -0.146362
-0.454956 -0.293457
-0.520874 -0.383179
-0.015015 -0.167480
0.529785 0.197021
0.549072 0.326904
0.151001 0.149170
-0.127075 0.048828
-0.091797 0.372437
-0.055176 0.917969
-0.239014 1.107544
-0.403320 0.672852
-0.241211 0.005737
0.133545 -0.267090
0.369385 0.021973
0.393799 0.443359
0.435181 0.501343
0.555664 0.177246
0.493042 -0.121948
0.092529 -0.066895
-0.355225 0.259277
-0.438477 0.515991
-0.157227 0.488770
0.105957 0.262451
0.108154 0.064209
-0.004517 0.013062
-0.011597 0.031250
0.051514 -0.042603
0.026855 -0.268066
-0.055298 -0.511475
-0.009399 -0.542480
0.199951 -0.263550
0.377686 0.140137
0.356445 0.333740
0.191895 0.170044
0.035767 -0.123779
-0.060547 -0.171143
-0.117920 0.124390
-0.096191 0.444458
0.060547 0.411621
0.261108 0.034058
0.277466 -0.301025
-0.029175 -0.285645
-0.550537 -0.035034
-1.018555 0.100830
-1.202515 0.000000
-1.018555 -0.100830
-0.550537 0.035034
-0.029175 0.285767
0.277466 0.301147
0.261108 -0.034058
0.060547 -0.411621
-0.096191 -0.444336
-0.117920 -0.124390
-0.060669 0.171143
0.035767 0.123779
0.192017 -0.170044
0.356689 -0.333862
0.377808 -0.140259
0.199951 0.263550
-0.009521 0.542480
-0.055298 0.511475
0.026733 0.268066
0.051392 0.042480
-0.011719 -0.031250
-0.004761 -0.013184
0.108032 -0.064209
0.105835 -0.262573
-0.157227 -0.488770
-0.438477 -0.515869
-0.355225 -0.259277
0.092529 0.066895
0.493164 0.121826
0.555908 -0.177490
0.435303 -0.501343
0.393799 -0.443359
0.369385 -0.021973
0.133545 0.267212
-0.241211 -0.005737
-0.403320 -0.672852
-0.239136 -1.107788
-0.055420 -0.918213
-0.091919 -0.372681
-0.127075 -0.048828
0.151001 -0.149170
0.549194 -0.326904
0.529785 -0.197144
-0.015015 0.167480
-0.520874 0.383301
-0.455078 0.293579
0.018311 0.146484
0.345825 0.198364
0.350464 0.333130
0.322510 0.244263
0.415527 -0.090576
0.390015 -0.336426
0.106323 -0.251709
-0.118042 -0.027100
0.031494 -0.011597
0.282349 -0.201782
0.085938 -0.235474
-0.527100 0.064453
-0.853271 0.363892
-0.435059 0.228394
0.282837 -0.239136
0.511963 -0.439331
0.098022 -0.031128
-0.427368 0.561523
-0.648560 0.613647
-0.667969 0.000000
-0.648560 -0.613647
0.142456 -0.555420
0.196899 -0.209351
-0.045532 0.011963
0.151001 -0.149170
0.549072 -0.326904
0.529907 -0.197144
-0.014893 0.167358
-0.520874 0.383179
-0.455078 0.293579
0.018433 0.146606
0.346069 0.198364
0.350586 0.333252
0.322510 0.244263
0.415283 -0.090698
0.389893 -0.336548
0.106201 -0.251709
-0.118042 -0.027222
0.031250 -0.011841
0.282104 -0.201904
0.086060 -0.235474
-0.527100 0.064575
-0.853516 0.363892
-0.435303 0.228394
0.282715 -0.239136
0.512085 -0.439331
0.098145 -0.031128
-0.427612 0.561401
-0.648804 0.613525
-0.667969 0.000000
-0.648560 -0.613525
-0.427368 -0.561401
0.098145 0.031128
0.512085 0.439453
0.283325 0.239502
-0.434692 -0.228027
-0.853149 -0.363892
-0.527100 -0.064453
0.085815 0.235229
0.282227 0.201660
0.031250 0.011597
-0.118286 0.027100
0.105957 0.251709
0.389893 0.336426
0.415405 0.090576
0.322510 -0.244263
0.350220 -0.333130
0.345703 -0.198120
0.018188 -0.146362
-0.455078 -0.293457
-0.520996 -0.383301
-0.015137 -0.167480
0.529663 0.197021
0.549072 0.326904
0.151001 0.149170
-0.127075 0.048828
-0.092041 0.372559
-0.055298 0.918091
-0.239014 1.107666
-0.403076 0.672852
-0.241089 0.005859
0.133545 -0.267090
0.369385 0.021851
0.393921 0.443237
0.435181 0.501343
0.555786 0.177368
0.492920 -0.121948
0.092529 -0.066895
-0.355103 0.259155
-0.438354 0.515869
-0.157104 0.488770
0.105957 0.262573
0.108032 0.064331
-0.004639 0.013184
-0.011719 0.031250
0.051514 -0.042480
0.026733 -0.267944
-0.055298 -0.511475
-0.009399 -0.542358
0.199951 -0.263428
0.377930 0.140503
0.356689 0.333984
0.192017 0.170044
0.035645 -0.123901
-0.060791 -0.171265
-0.118164 0.124268
-0.096313 0.444458
0.060547 0.411621
0.261230 0.034058
0.277710 -0.301270
-0.029053 -0.285889
-0.550659 -0.035156
-1.018799 0.100830
-1.202637 0.000000
-1.018677 -0.100830
-0.550537 0.034912
-0.029053 0.285645
0.277588 0.301147
0.261230 -0.033813
0.060547 -0.411499
-0.096313 -0.444458
-0.118042 -0.124390
-0.060669 0.171021
0.035889 0.123779
0.192139 -0.170044
0.356689 -0.333984
0.377808 -0.140381
0.199951 0.263306
-0.009521 0.542358
-0.055298 0.511475
0.026855 0.268066
0.051636 0.042480
-0.011597 -0.031372
-0.004639 -0.013184
0.108032 -0.064331
0.105835 -0.262573
-0.157104 -0.488770
-0.438354 -0.515869
-0.355225 -0.259277
0.092529 0.066895
0.493042 0.121948
0.555786 -0.177368
0.435181 -0.501343
0.393799 -0.443237
0.369507 -0.021973
0.133667 0.267212
-0.241089 -0.005737
-0.403198 -0.672729
-0.239014 -1.107544
-0.055298 -0.918091
-0.091797 -0.372681
-0.127075 -0.048950
0.151001 -0.149170
0.549072 -0.326904
0.529907 -0.197144
-0.014893 0.167358
-0.520874 0.383179
-0.455078 0.293579
0.018433 0.146606
0.346069 0.198364
0.350586 0.333252
0.322510 0.244263
0.415283 -0.090698
0.389893 -0.336548
0.106201 -0.251709
-0.118042 -0.027222
0.031250 -0.011841
0.282104 -0.201904
0.086060 -0.235474
-0.527100 0.064575
-0.853516 0.363892
-0.435303 0.228394
0.282715 -0.239136
0.512085 -0.439331
0.098145 -0.031128
-0.427612 0.561401
-0.648804 0.613525
-0.667969 0.000000
-0.648560 -0.613525
-0.427368 -0.561401
0.098145 0.031128
