0.016724 -0.438110
-0.092041 0.028320
-0.562012 0.029785
-0.461182 -0.266113
0.054443 -0.432983
0.447632 -0.479126
0.406982 -0.469727
-0.010498 -0.481812
-0.407715 -0.510864
-0.404419 -0.458252
-0.012329 -0.238525
0.364746 0.090210
0.333130 0.328491
-0.100830 0.309692
-0.564941 0.090942
-0.714966 -0.061768
-0.540894 0.073486
-0.285767 0.426514
-0.155396 0.669556
-0.171143 0.534790
-0.250488 0.096680
-0.311157 -0.292603
-0.267578 -0.360596
-0.042725 -0.181274
0.308594 -0.062622
0.531494 -0.185547
0.364868 -0.409790
-0.139160 -0.464111
-0.582397 -0.289429
-0.601929 -0.115845
-0.253784 -0.174316
0.080933 -0.388306
0.163696 -0.436401
0.144653 -0.139404
0.277344 0.277344
0.509399 0.384766
0.529053 0.018188
0.222534 -0.510376
-0.099731 -0.712891
-0.064941 -0.420532
0.260254 0.066284
0.414062 0.326416
0.108521 0.259644
-0.397217 0.132202
-0.607056 0.210205
-0.369873 0.433716
0.004395 0.510254
0.195068 0.293823
0.236572 -0.017944
0.328979 -0.103760
0.432739 0.114868
0.284180 0.396240
-0.169922 0.471069
-0.566284 0.343994
-0.510864 0.244873
-0.078369 0.308228
0.265381 0.389160
0.246216 0.247192
0.093628 -0.123657
0.168945 -0.428955
0.429688 -0.367310
0.485352 0.046387
0.176392 0.493164
-0.137939 0.667480
-0.022583 0.533936
0.435425 0.265991
0.693359 0.000000
0.435059 -0.266235
-0.022705 -0.533936
-0.138184 -0.667480
0.176270 -0.493286
0.485229 -0.046387
0.429565 0.367310
0.168823 0.428955
0.093628 0.123657
0.246216 -0.247070
0.265381 -0.389160
-0.078491 -0.308228
-0.510864 -0.244873
-0.566284 -0.343994
-0.169922 -0.471069
0.284180 -0.396240
0.432739 -0.114868
0.328979 0.103882
0.236694 0.018066
0.195068 -0.293823
0.004272 -0.510254
-0.369873 -0.433716
-0.607056 -0.210205
-0.397339 -0.132202
0.108521 -0.259644
0.414062 -0.326416
0.260254 -0.066284
-0.065063 0.420410
-0.099731 0.712891
0.222412 0.510376
0.529053 -0.018066
0.509399 -0.384766
0.277344 -0.277344
0.144653 0.139404
0.163818 0.436401
0.080933 0.388428
-0.253784 0.174316
-0.601929 0.115845
-0.582397 0.289429
-0.139282 0.464111
0.364746 0.409790
0.531494 0.185669
0.308594 0.062622
-0.042725 0.181274
-0.267578 0.360596
-0.311157 0.292603
-0.250488 -0.096680
-0.171021 -0.534790
-0.155396 -0.669556
-0.285645 -0.426514
-0.540771 -0.073486
-0.715088 0.061768
-0.564941 -0.090942
-0.100952 -0.309570
0.333130 -0.328491
0.364624 -0.090210
-0.012451 0.238525
-0.404541 0.458252
-0.407715 0.510864
-0.010620 0.481812
0.406982 0.469727
0.447632 0.479248
0.054443 0.433105
-0.461182 0.266113
-0.693359 0.000000
-0.461182 -0.266113
0.054443 -0.432983
0.447632 -0.479126
0.406982 -0.469727
-0.010498 -0.481812
-0.407715 -0.510864
-0.404419 -0.458252
-0.012329 -0.238525
0.364746 0.090210
0.333130 0.328491
-0.100830 0.309692
-0.564941 0.090942
-0.714966 -0.061768
-0.540894 0.073486
-0.285767 0.426514
-0.155396 0.669556
-0.171143 0.534790
-0.250488 0.096680
-0.311157 -0.292603
-0.267578 -0.360596
-0.042725 -0.181274
0.308594 -0.062622
0.531494 -0.185547
0.364868 -0.409790
-0.139160 -0.464111
-0.582397 -0.289429
-0.601929 -0.115845
-0.253784 -0.174316
0.080933 -0.388306
0.163696 -0.436401
0.144653 -0.139404
0.277344 0.277344
0.509399 0.384766
0.529053 0.018188
0.222534 -0.510376
-0.099731 -0.712891
-0.064941 -0.420532
0.260254 0.066284
0.414062 0.326416
0.108521 0.259644
-0.397217 0.132202
-0.607056 0.210205
-0.369873 0.433716
0.004395 0.510254
0.195068 0.293823
0.236572 -0.017944
0.328979 -0.103760
0.432739 0.114868
0.284180 0.396240
-0.169922 0.471069
-0.566284 0.343994
-0.510864 0.244873
-0.078369 0.308228
0.265381 0.389160
0.246216 0.247192
0.093628 -0.123657
0.168945 -0.428955
0.429688 -0.367310
0.485352 0.046387
0.176392 0.493164
-0.137939 0.667480
-0.022583 0.533936
0.435425 0.265991
0.693359 0.000000
0.435059 -0.266235
-0.022705 -0.533936
-0.138184 -0.667480
0.176270 -0.493286
0.485229 -0.046387
0.429565 0.367310
0.168823 0.428955
0.093628 0.123657
0.246216 -0.247070
0.265381 -0.389160
-0.078491 -0.308228
-0.510864 -0.244873
-0.566284 -0.343994
-0.169922 -0.471069
0.284180 -0.396240
0.432739 -0.114868
0.328979 0.103882
0.236694 0.018066
0.195068 -0.293823
0.004272 -0.510254
-0.369873 -0.433716
-0.607056 -0.210205
-0.397339 -0.132202
0.108521 -0.259644
0.414062 -0.326416
0.260254 -0.066284
-0.065063 0.420410
-0.099731 0.712891
0.222412 0.510376
0.529053 -0.018066
0.509399 -0.384766
0.277344 -0.277344
0.144653 0.139404
0.163818 0.436401
0.080933 0.388428
-0.253784 0.174316
-0.601929 0.115845
-0.582397 0.289429
-0.139282 0.464111
0.364746 0.409790
0.531494 0.185669
0.308594 0.062622
-0.042725 0.181274
-0.267578 0.360596
-0.311157 0.292603
-0.250488 -0.096680
-0.171021 -0.534790
-0.155396 -0.669556
-0.285645 -0.426514
-0.540771 -0.073486
-0.715088 0.061768
-0.564941 -0.090942
-0.100952 -0.309570
0.333130 -0.328491
0.364624 -0.090210
-0.012451 0.238525
-0.404541 0.458252
-0.407715 0.510864
-0.010620 0.481812
0.406982 0.469727
0.447632 0.479248
0.054443 0.433105
-0.461182 0.266113
-0.693359 0.000000
-0.461182 -0.266113
0.054443 -0.432983
0.447632 -0.479126
0.406982 -0.469727
-0.010498 -0.481812
-0.407715 -0.510864
-0.404419 -0.458252
-0.012329 -0.238525
0.364746 0.090210
0.333130 0.328491
-0.100830 0.309692
-0.564941 0.090942
-0.714966 -0.061768
-0.540894 0.073486
-0.285767 0.426514
-0.155396 0.669556
-0.171143 0.534790
-0.250488 0.096680
-0.311157 -0.292603
-0.267578 -0.360596
-0.042725 -0.181274
0.308594 -0.062622
0.531494 -0.185547
0.364868 -0.409790
-0.139160 -0.464111
-0.582397 -0.289429
-0.601929 -0.115845
-0.253784 -0.174316
0.080933 -0.388306
0.163696 -0.436401
0.144653 -0.139404
0.277344 0.277344
0.509399 0.384766
0.529053 0.018188
0.222534 -0.510376
-0.099731 -0.712891
-0.064941 -0.420532
0.260254 0.066284
0.414062 0.326416
0.108521 0.259644
-0.397217 0.132202
-0.607056 0.210205
-0.369873 0.433716
0.004395 0.510254
0.195068 0.293823
0.236572 -0.017944
0.328979 -0.103760
0.432739 0.114868
0.284180 0.396240
-0.169922 0.471069
-0.566284 0.343994
-0.510864 0.244873
-0.078369 0.308228
0.265381 0.389160
0.246216 0.247192
0.093628 -0.123657
0.168945 -0.428955
0.429688 -0.367310
0.485352 0.046387
0.176392 0.493164
-0.137939 0.667480
0.072510 0.174194
-0.335327 0.005493
-0.039673 -0.368042
0.447632 -0.479004
0.406982 -0.469604
-0.010376 -0.481812
-0.407593 -0.510864
-0.404419 -0.458252
-0.012329 -0.238647
0.364624 0.090210
0.333130 0.328491
-0.100830 0.309692
-0.564941 0.090942
-0.715088 -0.061768
-0.540771 0.073364
-0.285645 0.426514
-0.155396 0.669434
-0.171143 0.534790
-0.250488 0.096680
-0.311035 -0.292603
-0.267578 -0.360596
-0.042725 -0.181274
0.308594 -0.062500
0.531372 -0.185547
0.364746 -0.409790
-0.139282 -0.464111
-0.582520 -0.289429
-0.602051 -0.115845
-0.253906 -0.174316
0.080933 -0.388306
0.163818 -0.436279
0.144653 -0.139404
0.277222 0.277344
0.509277 0.384766
0.528931 0.018066
0.222534 -0.510376
-0.099731 -0.712891
-0.065063 -0.420410
0.260254 0.066284
0.413940 0.326416
0.108521 0.259644
-0.397339 0.132202
-0.607056 0.210083
-0.369873 0.433594
0.004395 0.510132
0.195068 0.293701
0.236694 -0.018066
0.328979 -0.103882
0.432739 0.114746
0.284058 0.396118
-0.170044 0.471069
-0.566284 0.343994
-0.510864 0.244873
-0.078491 0.308228
0.265381 0.389160
0.246338 0.247192
0.093628 -0.123535
0.168945 -0.428711
0.429810 -0.367188
0.485596 0.046509
0.176392 0.493286
-0.138184 0.667480
-0.022827 0.533936
0.435181 0.266113
0.693359 0.000122
0.435669 -0.265747
-0.022339 -0.533691
-0.137939 -0.667480
0.176270 -0.493164
0.485107 -0.046509
0.429443 0.367310
0.168701 0.428955
0.093628 0.123657
0.246338 -0.247070
0.265503 -0.389038
-0.078369 -0.308228
-0.510864 -0.244873
-0.566284 -0.343994
-0.169922 -0.471069
0.284180 -0.396118
0.432739 -0.114746
0.328857 0.103882
0.236450 0.017944
0.194946 -0.293823
0.004395 -0.510376
-0.369751 -0.433716
-0.606934 -0.210205
-0.397217 -0.132324
0.108521 -0.259766
0.413940 -0.326538
0.260132 -0.066284
-0.065186 0.420410
-0.099731 0.712769
0.222412 0.510376
0.529053 -0.018066
0.509277 -0.384766
0.277222 -0.277222
0.144653 0.139282
0.163818 0.436279
0.080933 0.388306
-0.253906 0.174438
-0.601929 0.115967
-0.582397 0.289551
-0.139282 0.464233
0.364746 0.409790
0.531372 0.185547
0.308472 0.062500
-0.042847 0.181274
-0.267578 0.360596
-0.311035 0.292603
-0.250366 -0.096680
-0.171021 -0.534668
-0.155396 -0.669556
-0.285645 -0.426636
-0.540771 -0.073486
-0.715088 0.061646
-0.565063 -0.091064
-0.100952 -0.309692
0.333130 -0.328613
0.364746 -0.090332
-0.012329 0.238525
-0.404419 0.458130
-0.407715 0.510864
-0.010498 0.481812
0.406982 0.469727
0.447632 0.479126
0.054443 0.432983
-0.461182 0.266113
-0.693237 0.000000
-0.461182 -0.266113
0.054443 -0.432983
0.447632 -0.479004
0.406982 -0.469604
-0.010376 -0.481812
-0.407593 -0.510864
-0.404419 -0.458252
-0.012329 -0.238647
0.364624 0.090210
0.333130 0.328491
-0.100830 0.309692
-0.564941 0.090942
-0.715088 -0.061768
-0.540771 0.073364
-0.285645 0.426514
-0.155396 0.669434
-0.171143 0.534790
-0.250488 0.096680
-0.311035 -0.292603
-0.267578 -0.360596
-0.042725 -0.181274
0.308594 -0.062500
0.531372 -0.185547
0.364746 -0.409790
-0.139282 -0.464111
-0.582520 -0.289429
-0.602051 -0.115845
-0.253906 -0.174316
0.080933 -0.388306
0.163818 -0.436279
0.144653 -0.139404
0.277222 0.277344
0.509277 0.384766
0.528931 0.018066
0.222534 -0.510376
-0.099731 -0.712891
-0.065063 -0.420410
0.260254 0.066284
0.413940 0.326416
0.108521 0.259644
-0.397339 0.132202
-0.607056 0.210083
-0.369873 0.433594
0.004395 0.510132
0.195068 0.293701
0.236694 -0.018066
0.328979 -0.103882
0.432739 0.114746
0.284058 0.396118
-0.170044 0.471069
-0.566284 0.343994
-0.510864 0.244873
-0.078491 0.308228
0.265381 0.389160
0.246338 0.247192
0.093628 -0.123535
0.168945 -0.428711
0.429810 -0.367188
0.485596 0.046509
0.176392 0.493286
-0.138184 0.667480
-0.022827 0.533936
0.435181 0.266113
0.693359 0.000122
0.435669 -0.265747
-0.022339 -0.533691
-0.137939 -0.667480
0.176270 -0.493164
0.485107 -0.046509
0.429443 0.367310
0.168701 0.428955
0.093628 0.123657
0.246338 -0.247070
0.265503 -0.389038
-0.078369 -0.308228
-0.510864 -0.244873
-0.566284 -0.343994
-0.169922 -0.471069
0.284180 -0.396118
0.432739 -0.114746
0.328857 0.103882
0.236450 0.017944
0.194946 -0.293823
0.004395 -0.510376
-0.369751 -0.433716
-0.606934 -0.210205
-0.397217 -0.132324
0.108521 -0.259766
0.413940 -0.326538
0.260132 -0.066284
-0.065186 0.420410
-0.099731 0.712769
0.222412 0.510376
0.529053 -0.018066
0.509277 -0.384766
0.277222 -0.277222
0.144653 0.139282
0.163818 0.436279
0.080933 0.388306
-0.253906 0.174438
-0.601929 0.115967
-0.582397 0.289551
-0.139282 0.464233
0.364746 0.409790
0.531372 0.185547
0.308472 0.062500
-0.042847 0.181274
-0.267578 0.360596
-0.311035 0.292603
-0.250366 -0.096680
-0.171021 -0.534668
-0.155396 -0.669556
-0.285645 -0.426636
-0.540771 -0.073486
-0.715088 0.061646
-0.565063 -0.091064
-0.100952 -0.309692
0.333130 -0.328613
0.364746 -0.090332
-0.012329 0.238525
-0.404419 0.458130
-0.407715 0.510864
-0.010498 0.481812
0.406982 0.469727
0.447632 0.479126
0.054443 0.432983
-0.461182 0.266113
-0.693237 0.000000
-0.461182 -0.266113
0.054443 -0.432983
0.447632 -0.479004
0.406982 -0.469604
-0.010376 -0.481812
-0.407593 -0.510864
-0.404419 -0.458252
-0.012329 -0.238647
0.364624 0.090210
0.333130 0.328491
-0.100830 0.309692
-0.564941 0.090942
-0.715088 -0.061768
-0.540771 0.073364
-0.285645 0.426514
-0.155396 0.669434
-0.171143 0.534790
-0.250488 0.096680
-0.311035 -0.292603
-0.267578 -0.360596
-0.042725 -0.181274
0.308594 -0.062500
0.531372 -0.185547
0.364746 -0.409790
-0.139282 -0.464111
-0.582520 -0.289429
-0.602051 -0.115845
-0.253906 -0.174316
0.080933 -0.388306
0.163818 -0.436279
0.144653 -0.139404
0.277222 0.277344
0.509277 0.384766
0.528931 0.018066
0.222534 -0.510376
-0.099731 -0.712891
-0.065063 -0.420410
0.260254 0.066284
0.413940 0.326416
0.108521 0.259644
-0.397339 0.132202
-0.607056 0.210083
-0.369873 0.433594
0.004395 0.510132
0.195068 0.293701
0.236694 -0.018066
0.328979 -0.103882
0.432739 0.114746
0.284058 0.396118
-0.170044 0.471069
-0.566284 0.343994
-0.510864 0.244873
-0.078491 0.308228
0.265381 0.389160
0.246338 0.247192
0.093628 -0.123535
0.168945 -0.428711
0.429810 -0.367188
0.485596 0.046509
0.176392 0.493286
-0.138184 0.667480
-0.022827 0.533936
0.435181 0.266113
-0.493652 -0.054688
-0.045044 -0.381836
0.338379 -0.452148
-0.010620 -0.481934
-0.407715 -0.510864
-0.404419 -0.458252
-0.012329 -0.238525
0.364746 0.090210
0.333130 0.328491
-0.100952 0.309692
-0.564941 0.091064
-0.715088 -0.061523
-0.540771 0.073486
-0.285767 0.426514
-0.155396 0.669556
-0.171143 0.534790
-0.250610 0.096680
-0.311279 -0.292725
-0.267700 -0.360840
-0.042847 -0.181396
0.308594 -0.062622
0.531494 -0.185547
0.364868 -0.409668
-0.139160 -0.464111
-0.582397 -0.289429
-0.601807 -0.115967
-0.253662 -0.174438
0.080933 -0.388428
0.163696 -0.436401
0.144531 -0.139404
0.277222 0.277344
0.509399 0.384766
0.529053 0.018066
0.222412 -0.510498
-0.099854 -0.713013
-0.065063 -0.420654
0.260254 0.066162
0.414062 0.326416
0.108521 0.259644
-0.397339 0.132202
-0.607056 0.210205
-0.369751 0.433716
0.004395 0.510254
0.195190 0.293823
0.236694 -0.018066
0.328979 -0.103882
0.432739 0.114868
0.284180 0.396240
-0.169922 0.471069
-0.566162 0.344116
-0.510620 0.244995
-0.078369 0.308350
0.265381 0.389160
0.246216 0.247192
0.093628 -0.123657
0.169067 -0.428955
0.429688 -0.367310
0.485229 0.046387
0.176147 0.493286
-0.138184 0.667480
-0.022583 0.533936
0.435303 0.266113
0.693359 0.000000
0.435303 -0.265991
-0.022583 -0.533813
-0.137695 -0.666992
0.176636 -0.492798
0.485474 -0.046387
0.429688 0.367310
0.168823 0.428833
0.093628 0.123657
0.246216 -0.247070
0.265381 -0.389160
-0.078491 -0.308228
-0.510864 -0.244751
-0.566284 -0.343994
-0.169922 -0.471069
0.284180 -0.396240
0.432617 -0.114868
0.328857 0.103760
0.236694 0.017944
0.195190 -0.293701
0.004517 -0.510132
-0.369751 -0.433594
-0.607056 -0.210205
-0.397339 -0.132324
0.108521 -0.259644
0.414062 -0.326416
0.260376 -0.066162
-0.064941 0.420410
-0.099609 0.712769
0.222412 0.510376
0.529053 -0.018066
0.509277 -0.384644
0.277222 -0.277222
0.144531 0.139404
0.163696 0.436279
0.080811 0.388306
-0.253906 0.174194
-0.602051 0.115723
-0.582397 0.289307
-0.139282 0.464111
0.364746 0.409790
0.531494 0.185547
0.308594 0.062500
-0.042725 0.181152
-0.267456 0.360596
-0.311035 0.292480
-0.250488 -0.096802
-0.171143 -0.534790
-0.155396 -0.669434
-0.285645 -0.426514
-0.540771 -0.073486
-0.715088 0.061523
-0.565063 -0.091187
-0.101074 -0.309814
0.333130 -0.328491
0.364746 -0.090088
-0.012329 0.238647
-0.404541 0.458252
-0.407837 0.510864
-0.010620 0.481934
0.406860 0.469849
0.447632 0.479248
0.054443 0.432983
-0.461182 0.265991
-0.693237 0.000000
-0.461182 -0.266113
0.054443 -0.432983
0.447510 -0.479248
0.406738 -0.469849
-0.010620 -0.481934
-0.407715 -0.510864
-0.404419 -0.458252
-0.012329 -0.238525
0.364746 0.090210
0.333130 0.328491
-0.100952 0.309692
-0.564941 0.091064
-0.715088 -0.061523
-0.540771 0.073486
-0.285767 0.426514
-0.155396 0.669556
-0.171143 0.534790
-0.250610 0.096680
-0.311279 -0.292725
-0.267700 -0.360840
-0.042847 -0.181396
0.308594 -0.062622
0.531494 -0.185547
0.364868 -0.409668
-0.139160 -0.464111
-0.582397 -0.289429
-0.601807 -0.115967
-0.253662 -0.174438
0.080933 -0.388428
0.163696 -0.436401
0.144531 -0.139404
0.277222 0.277344
0.509399 0.384766
0.529053 0.018066
0.222412 -0.510498
-0.099854 -0.713013
-0.065063 -0.420654
0.260254 0.066162
0.414062 0.326416
0.108521 0.259644
-0.397339 0.132202
-0.607056 0.210205
-0.369751 0.433716
0.004395 0.510254
0.195190 0.293823
0.236694 -0.018066
0.328979 -0.103882
0.432739 0.114868
0.284180 0.396240
-0.169922 0.471069
-0.566162 0.344116
-0.510620 0.244995
-0.078369 0.308350
0.265381 0.389160
0.246216 0.247192
0.093628 -0.123657
0.169067 -0.428955
0.429688 -0.367310
0.485229 0.046387
0.176147 0.493286
-0.138184 0.667480
-0.022583 0.533936
0.435303 0.266113
0.693359 0.000000
0.435303 -0.265991
-0.022583 -0.533813
-0.137695 -0.666992
0.176636 -0.492798
0.485474 -0.046387
0.429688 0.367310
0.168823 0.428833
0.093628 0.123657
0.246216 -0.247070
0.265381 -0.389160
-0.078491 -0.308228
-0.510864 -0.244751
-0.566284 -0.343994
-0.169922 -0.471069
0.284180 -0.396240
0.432617 -0.114868
0.328857 0.103760
0.236694 0.017944
0.195190 -0.293701
0.004517 -0.510132
-0.369751 -0.433594
-0.607056 -0.210205
-0.397339 -0.132324
0.108521 -0.259644
0.414062 -0.326416
0.260376 -0.066162
-0.064941 0.420410
-0.099609 0.712769
0.222412 0.510376
0.529053 -0.018066
0.509277 -0.384644
0.277222 -0.277222
0.144531 0.139404
0.163696 0.436279
0.080811 0.388306
-0.253906 0.174194
-0.602051 0.115723
-0.582397 0.289307
-0.139282 0.464111
0.364746 0.409790
0.531494 0.185547
0.308594 0.062500
-0.042725 0.181152
-0.267456 0.360596
-0.311035 0.292480
-0.250488 -0.096802
-0.171143 -0.534790
-0.155396 -0.669434
-0.285645 -0.426514
-0.540771 -0.073486
-0.715088 0.061523
-0.565063 -0.091187
-0.101074 -0.309814
0.333130 -0.328491
0.364746 -0.090088
-0.012329 0.238647
-0.404541 0.458252
-0.407837 0.510864
-0.010620 0.481934
0.406860 0.469849
0.447632 0.479248
0.054443 0.432983
-0.461182 0.265991
-0.693237 0.000000
-0.461182 -0.266113
0.054443 -0.432983
0.447510 -0.479248
0.406738 -0.469849
-0.010620 -0.481934
-0.407715 -0.510864
-0.404419 -0.458252
-0.012329 -0.238525
0.364746 0.090210
0.333130 0.328491
-0.100952 0.309692
-0.564941 0.091064
-0.715088 -0.061523
-0.540771 0.073486
-0.285767 0.426514
-0.155396 0.669556
-0.171143 0.534790
-0.250610 0.096680
-0.311279 -0.292725
-0.267700 -0.360840
-0.042847 -0.181396
0.308594 -0.062622
0.531494 -0.185547
0.364868 -0.409668
-0.139160 -0.464111
-0.582397 -0.289429
-0.601807 -0.115967
-0.253662 -0.174438
0.080933 -0.388428
0.163696 -0.436401
0.144531 -0.139404
0.277222 0.277344
0.509399 0.384766
0.529053 0.018066
0.222412 -0.510498
-0.099854 -0.713013
-0.065063 -0.420654
0.260254 0.066162
0.414062 0.326416
0.108521 0.259644
-0.397339 0.132202
-0.607056 0.210205
-0.369751 0.433716
0.004395 0.510254
0.195190 0.293823
0.236694 -0.018066
0.328979 -0.103882
0.432739 0.114868
0.284180 0.396240
-0.169922 0.471069
-0.566162 0.344116
-0.510620 0.244995
-0.078369 0.308350
0.265381 0.389160
0.246216 0.247192
0.093628 -0.123657
0.169067 -0.428955
0.429688 -0.367310
0.485229 0.046387
0.176147 0.493286
-0.138184 0.667480
-0.022583 0.533936
0.435303 0.266113
0.693359 0.000000
0.435303 -0.265991
0.008545 -0.366211
0.220947 -0.344727
-0.255127 -0.444214
-0.404419 -0.458130
-0.012451 -0.238647
0.364502 0.090088
0.333008 0.328369
-0.100830 0.309570
-0.564941 0.090820
-0.715088 -0.061890
-0.540894 0.073242
-0.285767 0.426392
-0.155396 0.669434
-0.171021 0.534790
-0.250366 0.096680
-0.311035 -0.292603
-0.267578 -0.360718
-0.042725 -0.181396
0.308472 -0.062622
0.531372 -0.185547
0.364746 -0.409668
-0.139160 -0.463989
-0.582397 -0.289307
-0.601929 -0.115845
-0.253784 -0.174438
0.080933 -0.388428
0.163818 -0.436401
0.144653 -0.139404
0.277344 0.277344
0.509277 0.384766
0.528931 0.018188
0.222534 -0.510254
-0.099731 -0.712769
-0.065063 -0.420532
0.260132 0.066162
0.414062 0.326416
0.108643 0.259766
-0.397217 0.132202
-0.606934 0.210083
-0.369873 0.433594
0.004272 0.510254
0.195190 0.293945
0.236816 -0.017822
0.329224 -0.103760
0.432861 0.114868
0.284180 0.396118
-0.170044 0.471069
-0.566284 0.343994
-0.510864 0.244873
-0.078491 0.308228
0.265381 0.389038
0.246216 0.247192
0.093628 -0.123657
0.168823 -0.428833
0.429565 -0.367188
0.485229 0.046387
0.176270 0.493164
-0.138062 0.667358
-0.022583 0.533813
0.435303 0.266113
0.693359 0.000000
0.435303 -0.265869
-0.022705 -0.533936
-0.137939 -0.667358
0.176514 -0.493164
0.485718 -0.046021
0.429810 0.367676
0.168945 0.428955
0.093750 0.123657
0.246338 -0.247314
0.265381 -0.389282
-0.078369 -0.308228
-0.510864 -0.244873
-0.566406 -0.344116
-0.170044 -0.471191
0.284058 -0.396240
0.432739 -0.114868
0.328979 0.103760
0.236572 0.018066
0.194946 -0.293701
0.004272 -0.510254
-0.369873 -0.433716
-0.606934 -0.210327
-0.397217 -0.132324
0.108643 -0.259644
0.414062 -0.326294
0.260254 -0.066162
-0.065063 0.420410
-0.099731 0.712891
0.222412 0.510498
0.529175 -0.017944
0.509399 -0.384521
0.277344 -0.277222
0.144653 0.139282
0.163818 0.436279
0.080933 0.388306
-0.253784 0.174316
-0.601929 0.115723
-0.582520 0.289185
-0.139282 0.463867
0.364868 0.409668
0.531494 0.185669
0.308594 0.062744
-0.042847 0.181396
-0.267578 0.360718
-0.311035 0.292603
-0.250366 -0.096680
-0.171143 -0.534668
-0.155518 -0.669434
-0.285767 -0.426514
-0.540771 -0.073364
-0.714966 0.061768
-0.564941 -0.090820
-0.100952 -0.309570
0.333008 -0.328491
0.364624 -0.090210
-0.012451 0.238403
-0.404541 0.458130
-0.407593 0.510742
-0.010498 0.481812
0.406860 0.469727
0.447510 0.479126
0.054199 0.432861
-0.461426 0.265991
-0.693237 0.000000
-0.461060 -0.266113
0.054565 -0.433105
0.447632 -0.479248
0.406860 -0.469727
-0.010498 -0.481812
-0.407593 -0.510742
-0.404419 -0.458130
-0.012451 -0.238647
0.364502 0.090088
0.333008 0.328369
-0.100830 0.309570
-0.564941 0.090820
-0.715088 -0.061890
-0.540894 0.073242
-0.285767 0.426392
-0.155396 0.669434
-0.171021 0.534790
-0.250366 0.096680
-0.311035 -0.292603
-0.267578 -0.360718
-0.042725 -0.181396
0.308472 -0.062622
0.531372 -0.185547
0.364746 -0.409668
-0.139160 -0.463989
-0.582397 -0.289307
-0.601929 -0.115845
-0.253784 -0.174438
0.080933 -0.388428
0.163818 -0.436401
0.144653 -0.139404
0.277344 0.277344
0.509277 0.384766
0.528931 0.018188
0.222534 -0.510254
-0.099731 -0.712769
-0.065063 -0.420532
0.260132 0.066162
0.414062 0.326416
0.108643 0.259766
-0.397217 0.132202
-0.606934 0.210083
-0.369873 0.433594
0.004272 0.510254
0.195190 0.293945
0.236816 -0.017822
0.329224 -0.103760
0.432861 0.114868
0.284180 0.396118
-0.170044 0.471069
-0.566284 0.343994
-0.510864 0.244873
-0.078491 0.308228
0.265381 0.389038
0.246216 0.247192
0.093628 -0.123657
0.168823 -0.428833
0.429565 -0.367188
0.485229 0.046387
0.176270 0.493164
-0.138062 0.667358
-0.022583 0.533813
0.435303 0.266113
0.693359 0.000000
0.435303 -0.265869
-0.022705 -0.533936
-0.137939 -0.667358
0.176514 -0.493164
0.485718 -0.046021
0.429810 0.367676
0.168945 0.428955
0.093750 0.123657
0.246338 -0.247314
0.265381 -0.389282
-0.078369 -0.308228
-0.510864 -0.244873
-0.566406 -0.344116
-0.170044 -0.471191
0.284058 -0.396240
0.432739 -0.114868
0.328979 0.103760
0.236572 0.018066
0.194946 -0.293701
0.004272 -0.510254
-0.369873 -0.433716
-0.606934 -0.210327
-0.397217 -0.132324
0.108643 -0.259644
0.414062 -0.326294
0.260254 -0.066162
-0.065063 0.420410
-0.099731 0.712891
0.222412 0.510498
0.529175 -0.017944
0.509399 -0.384521
0.277344 -0.277222
0.144653 0.139282
0.163818 0.436279
0.080933 0.388306
-0.253784 0.174316
-0.601929 0.115723
-0.582520 0.289185
-0.139282 0.463867
0.364868 0.409668
0.531494 0.185669
0.308594 0.062744
-0.042847 0.181396
-0.267578 0.360718
-0.311035 0.292603
-0.250366 -0.096680
-0.171143 -0.534668
-0.155518 -0.669434
-0.285767 -0.426514
-0.540771 -0.073364
-0.714966 0.061768
-0.564941 -0.090820
-0.100952 -0.309570
0.333008 -0.328491
0.364624 -0.090210
-0.012451 0.238403
-0.404541 0.458130
-0.407593 0.510742
-0.010498 0.481812
0.406860 0.469727
0.447510 0.479126
0.054199 0.432861
-0.461426 0.265991
-0.693237 0.000000
-0.461060 -0.266113
0.054565 -0.433105
0.447632 -0.479248
0.406860 -0.469727
-0.010498 -0.481812
-0.407593 -0.510742
-0.404419 -0.458130
-0.012451 -0.238647
0.364502 0.090088
0.333008 0.328369
-0.100830 0.309570
-0.564941 0.090820
-0.715088 -0.061890
-0.540894 0.073242
-0.285767 0.426392
-0.155396 0.669434
-0.171021 0.534790
-0.250366 0.096680
-0.311035 -0.292603
-0.267578 -0.360718
-0.042725 -0.181396
0.308472 -0.062622
0.531372 -0.185547
0.364746 -0.409668
-0.139160 -0.463989
-0.582397 -0.289307
-0.601929 -0.115845
-0.253784 -0.174438
0.080933 -0.388428
0.163818 -0.436401
0.144653 -0.139404
0.277344 0.277344
0.509277 0.384766
0.528931 0.018188
0.222534 -0.510254
-0.099731 -0.712769
-0.065063 -0.420532
0.260132 0.066162
0.414062 0.326416
0.108643 0.259766
-0.397217 0.132202
-0.606934 0.210083
-0.369873 0.433594
0.004272 0.510254
0.195190 0.293945
0.236816 -0.017822
0.329224 -0.103760
0.432861 0.114868
0.284180 0.396118
-0.170044 0.471069
-0.566284 0.343994
-0.510864 0.244873
-0.078491 0.308228
0.265381 0.389038
0.246216 0.247192
0.093628 -0.123657
0.168823 -0.428833
0.429565 -0.367188
0.485229 0.046387
0.176270 0.493164
-0.138062 0.667358
-0.022583 0.533813
0.435303 0.266113
0.693359 0.000000
0.435303 -0.265869
-0.022705 -0.533936
-0.137939 -0.667358
