0.001465 -0.086182
0.138550 -0.104736
0.174194 0.174194
-0.209473 0.276978
-0.587646 0.010254
-0.537598 -0.284424
-0.059692 -0.348389
0.452271 -0.207642
0.633301 -0.056030
0.511230 -0.001709
0.408203 0.000000
0.511230 -0.001587
0.633423 -0.056030
0.452393 -0.207642
-0.059692 -0.348389
-0.537476 -0.284424
-0.587646 0.010254
-0.209351 0.277100
0.204102 0.204102
0.277100 -0.209351
0.010376 -0.587646
-0.284302 -0.537598
-0.348389 -0.059692
-0.207764 0.452393
-0.056152 0.633301
-0.001709 0.511230
0.000000 0.408203
-0.001587 0.511230
-0.056030 0.633423
-0.207642 0.452393
-0.348389 -0.059692
-0.284180 -0.537476
0.010376 -0.587524
0.277222 -0.209351
0.204102 0.204102
-0.209473 0.276978
-0.587646 0.010254
-0.537598 -0.284424
-0.059692 -0.348389
0.452271 -0.207642
0.633301 -0.056030
0.511230 -0.001709
0.408203 0.000000
0.511230 -0.001587
0.633423 -0.056030
0.452393 -0.207642
-0.059692 -0.348389
-0.537476 -0.284424
-0.587646 0.010254
-0.209351 0.277100
0.204102 0.204102
0.277100 -0.209351
0.010376 -0.587646
-0.284302 -0.537598
-0.348389 -0.059692
-0.207764 0.452393
-0.056152 0.633301
-0.001709 0.511230
0.000000 0.408203
-0.001587 0.511230
-0.056030 0.633423
-0.207642 0.452393
-0.348389 -0.059692
-0.284180 -0.537476
0.010376 -0.587524
0.277222 -0.209351
0.204102 0.204102
-0.209473 0.276978
-0.587646 0.010254
-0.537598 -0.284424
-0.059692 -0.348389
0.452271 -0.207642
0.633301 -0.056030
0.511230 -0.001709
0.408203 0.000000
0.511230 -0.001587
0.633423 -0.056030
0.452393 -0.207642
-0.059692 -0.348389
-0.537476 -0.284424
-0.587646 0.010254
-0.209351 0.277100
0.204102 0.204102
0.277100 -0.209351
0.010376 -0.587646
-0.284302 -0.537598
-0.348389 -0.059692
-0.207764 0.452393
-0.056152 0.633301
-0.001709 0.511230
0.000000 0.408203
-0.001587 0.511230
-0.056030 0.633423
-0.207642 0.452393
-0.348389 -0.059692
-0.284180 -0.537476
0.010376 -0.587524
0.277222 -0.209351
0.204102 0.204102
-0.209473 0.276978
-0.587646 0.010254
-0.537598 -0.284424
-0.059692 -0.348389
0.452271 -0.207642
0.633301 -0.056030
0.511230 -0.001709
0.408203 0.000000
0.511230 -0.001587
0.633423 -0.056030
0.452393 -0.207642
-0.059692 -0.348389
-0.537476 -0.284424
-0.587646 0.010254
-0.209351 0.277100
0.204102 0.204102
0.277100 -0.209351
0.010376 -0.587646
-0.284302 -0.537598
-0.348389 -0.059692
-0.207764 0.452393
-0.056152 0.633301
-0.001709 0.511230
0.000000 0.408203
-0.001587 0.511230
-0.056030 0.633423
-0.207642 0.452393
-0.348389 -0.059692
-0.284180 -0.537476
0.010376 -0.587524
0.277222 -0.209351
0.204102 0.204102
-0.209473 0.276978
-0.587646 0.010254
-0.537598 -0.284424
-0.059692 -0.348389
0.452271 -0.207642
0.633301 -0.056030
0.511230 -0.001709
0.408203 0.000000
0.511230 -0.001587
0.633423 -0.056030
0.452393 -0.207642
-0.059692 -0.348389
-0.537476 -0.284424
-0.587646 0.010254
-0.209351 0.277100
0.204102 0.204102
0.277100 -0.209351
0.010376 -0.587646
-0.284302 -0.537598
-0.348389 -0.059692
-0.207764 0.452393
-0.056152 0.633301
-0.001709 0.511230
0.000000 0.408203
-0.001587 0.511230
-0.056030 0.633423
-0.207642 0.452393
-0.348389 -0.059692
-0.284180 -0.537476
0.010376 -0.587524
0.277222 -0.209351
0.204102 0.204102
-0.209473 0.276978
-0.587646 0.010254
-0.537598 -0.284424
-0.059692 -0.348389
0.452271 -0.207642
0.633301 -0.056030
0.511230 -0.001709
0.408203 0.000000
0.511230 -0.001587
0.633423 -0.056030
0.452393 -0.207642
-0.059692 -0.348389
-0.537476 -0.284424
-0.587646 0.010254
-0.209351 0.277100
0.204102 0.204102
0.277100 -0.209351
0.010376 -0.587646
-0.284302 -0.537598
-0.348389 -0.059692
-0.207764 0.452393
-0.056152 0.633301
-0.001709 0.511230
0.000000 0.408203
-0.001587 0.511230
-0.056030 0.633423
-0.207642 0.452393
-0.348389 -0.059692
-0.284180 -0.537476
0.010376 -0.587524
0.277222 -0.209351
0.204102 0.204102
-0.209473 0.276978
-0.587646 0.010254
-0.537598 -0.284424
-0.059692 -0.348389
0.452271 -0.207642
0.633301 -0.056030
0.511230 -0.001709
0.408203 0.000000
0.511230 -0.001587
0.633423 -0.056030
0.452393 -0.207642
-0.059692 -0.348389
-0.537476 -0.284424
-0.587646 0.010254
-0.209351 0.277100
0.204102 0.204102
0.277100 -0.209351
0.010376 -0.587646
-0.284302 -0.537598
-0.348389 -0.059692
-0.207764 0.452393
-0.056152 0.633301
-0.001709 0.511230
0.000000 0.408203
-0.001587 0.511230
-0.056030 0.633423
-0.207642 0.452393
-0.348389 -0.059692
-0.284180 -0.537476
0.010376 -0.587524
0.277222 -0.209351
0.204102 0.204102
-0.209473 0.276978
-0.587646 0.010254
-0.537598 -0.284424
-0.059692 -0.348389
0.452271 -0.207642
0.633301 -0.056030
0.511230 -0.001709
0.408203 0.000000
0.511230 -0.001587
0.633423 -0.056030
0.452393 -0.207642
-0.059692 -0.348389
-0.537476 -0.284424
-0.587646 0.010254
-0.209351 0.277100
0.204102 0.204102
0.277100 -0.209351
0.010376 -0.587646
-0.284302 -0.537598
-0.348389 -0.059692
-0.207764 0.452393
-0.056152 0.633301
-0.001709 0.511230
0.000000 0.408203
-0.001587 0.511230
-0.056030 0.633423
-0.207642 0.452393
-0.348389 -0.059692
-0.284180 -0.537476
0.010376 -0.587524
0.277222 -0.209351
0.204102 0.204102
-0.209473 0.276978
-0.587646 0.010254
-0.537598 -0.284424
-0.059692 -0.348389
0.452271 -0.207642
0.633301 -0.056030
0.511230 -0.001709
0.408203 0.000000
0.511230 -0.001587
0.633423 -0.056030
0.452393 -0.207642
-0.059692 -0.348389
-0.537476 -0.284424
-0.587646 0.010254
-0.209351 0.277100
0.204102 0.204102
0.277100 -0.209351
0.010376 -0.587646
-0.284302 -0.537598
-0.348389 -0.059692
-0.207764 0.452393
-0.056152 0.633301
-0.001709 0.511230
0.000000 0.408203
-0.001587 0.511230
-0.056030 0.633423
-0.207642 0.452393
-0.348389 -0.059692
-0.284180 -0.537476
0.010376 -0.587524
0.277222 -0.209351
0.204102 0.204102
-0.209473 0.276978
-0.587646 0.010254
-0.537598 -0.284424
-0.059692 -0.348389
0.452271 -0.207642
0.633301 -0.056030
0.511230 -0.001709
0.408203 0.000000
0.511230 -0.001587
0.633423 -0.056030
0.452393 -0.207642
-0.059692 -0.348389
-0.537476 -0.284424
-0.587646 0.010254
-0.209351 0.277100
0.204102 0.204102
0.277100 -0.209351
0.010376 -0.587646
-0.284302 -0.537598
-0.348389 -0.059692
-0.207764 0.452393
-0.056152 0.633301
-0.001709 0.511230
0.000000 0.408203
-0.001587 0.511230
-0.056030 0.633423
-0.207642 0.452393
-0.348389 -0.059692
-0.284180 -0.537476
0.029785 0.029785
-0.104736 0.138550
-0.501709 0.008789
-0.537720 -0.284424
-0.059692 -0.348389
0.452393 -0.207764
0.633423 -0.056152
0.511230 -0.001709
0.408203 0.000000
0.511230 -0.001587
0.633423 -0.056030
0.452393 -0.207642
-0.059692 -0.348389
-0.537598 -0.284424
-0.587646 0.010254
-0.209351 0.277100
0.204102 0.203979
0.277100 -0.209473
0.010376 -0.587769
-0.284302 -0.537598
-0.348389 -0.059692
-0.207764 0.452393
-0.056152 0.633545
-0.001709 0.511230
0.000000 0.408203
-0.001709 0.511230
-0.056030 0.633423
-0.207642 0.452393
-0.348389 -0.059692
-0.284302 -0.537476
0.010376 -0.587646
0.277100 -0.209351
0.203979 0.204102
-0.209351 0.277222
-0.587769 0.010376
-0.537720 -0.284424
-0.059692 -0.348389
0.452393 -0.207764
0.633423 -0.056152
0.511230 -0.001709
0.408203 0.000000
0.511230 -0.001587
0.633423 -0.056030
0.452393 -0.207642
-0.059692 -0.348389
-0.537598 -0.284424
-0.587646 0.010254
-0.209351 0.277100
0.204102 0.203979
0.277100 -0.209473
0.010376 -0.587769
-0.284302 -0.537598
-0.348389 -0.059692
-0.207764 0.452393
-0.056152 0.633545
-0.001709 0.511230
0.000000 0.408203
-0.001709 0.511230
-0.056030 0.633423
-0.207642 0.452393
-0.348389 -0.059692
-0.284302 -0.537476
0.010376 -0.587646
0.277100 -0.209351
0.203979 0.204102
-0.209351 0.277222
-0.587769 0.010376
-0.537720 -0.284424
-0.059692 -0.348389
0.452393 -0.207764
0.633423 -0.056152
0.511230 -0.001709
0.408203 0.000000
0.511230 -0.001587
0.633423 -0.056030
0.452393 -0.207642
-0.059692 -0.348389
-0.537598 -0.284424
-0.587646 0.010254
-0.209351 0.277100
0.204102 0.203979
0.277100 -0.209473
0.010376 -0.587769
-0.284302 -0.537598
-0.348389 -0.059692
-0.207764 0.452393
-0.056152 0.633545
-0.001709 0.511230
0.000000 0.408203
-0.001709 0.511230
-0.056030 0.633423
-0.207642 0.452393
-0.348389 -0.059692
-0.284302 -0.537476
0.010376 -0.587646
0.277100 -0.209351
0.203979 0.204102
-0.209351 0.277222
-0.587769 0.010376
-0.537720 -0.284424
-0.059692 -0.348389
0.452393 -0.207764
0.633423 -0.056152
0.511230 -0.001709
0.408203 0.000000
0.511230 -0.001587
0.633423 -0.056030
0.452393 -0.207642
-0.059692 -0.348389
-0.537598 -0.284424
-0.587646 0.010254
-0.209351 0.277100
0.204102 0.203979
0.277100 -0.209473
0.010376 -0.587769
-0.284302 -0.537598
-0.348389 -0.059692
-0.207764 0.452393
-0.056152 0.633545
-0.001709 0.511230
0.000000 0.408203
-0.001709 0.511230
-0.056030 0.633423
-0.207642 0.452393
-0.348389 -0.059692
-0.284302 -0.537476
0.010376 -0.587646
0.277100 -0.209351
0.203979 0.204102
-0.209351 0.277222
-0.587769 0.010376
-0.537720 -0.284424
-0.059692 -0.348389
0.452393 -0.207764
0.633423 -0.056152
0.511230 -0.001709
0.408203 0.000000
0.511230 -0.001587
0.633423 -0.056030
0.452393 -0.207642
-0.059692 -0.348389
-0.537598 -0.284424
-0.587646 0.010254
-0.209351 0.277100
0.204102 0.203979
0.277100 -0.209473
0.010376 -0.587769
-0.284302 -0.537598
-0.348389 -0.059692
-0.207764 0.452393
-0.056152 0.633545
-0.001709 0.511230
0.000000 0.408203
-0.001709 0.511230
-0.056030 0.633423
-0.207642 0.452393
-0.348389 -0.059692
-0.284302 -0.537476
0.010376 -0.587646
0.277100 -0.209351
0.203979 0.204102
-0.209351 0.277222
-0.587769 0.010376
-0.537720 -0.284424
-0.059692 -0.348389
0.452393 -0.207764
0.633423 -0.056152
0.511230 -0.001709
0.408203 0.000000
0.511230 -0.001587
0.633423 -0.056030
0.452393 -0.207642
-0.059692 -0.348389
-0.537598 -0.284424
-0.587646 0.010254
-0.209351 0.277100
0.204102 0.203979
0.277100 -0.209473
0.010376 -0.587769
-0.284302 -0.537598
-0.348389 -0.059692
-0.207764 0.452393
-0.056152 0.633545
-0.001709 0.511230
0.000000 0.408203
-0.001709 0.511230
-0.056030 0.633423
-0.207642 0.452393
-0.348389 -0.059692
-0.284302 -0.537476
0.010376 -0.587646
0.277100 -0.209351
0.203979 0.204102
-0.209351 0.277222
-0.587769 0.010376
-0.537720 -0.284424
-0.059692 -0.348389
0.452393 -0.207764
0.633423 -0.056152
0.511230 -0.001709
0.408203 0.000000
0.511230 -0.001587
0.633423 -0.056030
0.452393 -0.207642
-0.059692 -0.348389
-0.537598 -0.284424
-0.587646 0.010254
-0.209351 0.277100
0.204102 0.203979
0.277100 -0.209473
0.010376 -0.587769
-0.284302 -0.537598
-0.348389 -0.059692
-0.207764 0.452393
-0.056152 0.633545
-0.001709 0.511230
0.000000 0.408203
-0.001709 0.511230
-0.056030 0.633423
-0.207642 0.452393
-0.348389 -0.059692
-0.284302 -0.537476
0.010376 -0.587646
0.277100 -0.209351
0.203979 0.204102
-0.209351 0.277222
-0.587769 0.010376
-0.537720 -0.284424
-0.059692 -0.348389
0.452393 -0.207764
0.633423 -0.056152
0.511230 -0.001709
0.408203 0.000000
0.511230 -0.001587
0.633423 -0.056030
0.452393 -0.207642
-0.059692 -0.348389
-0.537598 -0.284424
-0.587646 0.010254
-0.209351 0.277100
0.204102 0.203979
0.277100 -0.209473
0.010376 -0.587769
-0.284302 -0.537598
-0.348389 -0.059692
-0.207764 0.452393
-0.056152 0.633545
-0.001709 0.511230
0.000000 0.408203
-0.001709 0.511230
-0.056030 0.633423
-0.207642 0.452393
-0.348389 -0.059692
-0.284302 -0.537476
0.010376 -0.587646
0.277100 -0.209351
0.203979 0.204102
-0.209351 0.277222
-0.587769 0.010376
-0.537720 -0.284424
-0.059692 -0.348389
0.452393 -0.207764
0.633423 -0.056152
0.511230 -0.001709
0.408203 0.000000
0.511230 -0.001587
0.633423 -0.056030
0.452393 -0.207642
-0.059692 -0.348389
-0.537598 -0.284424
-0.587646 0.010254
-0.209351 0.277100
0.204102 0.203979
0.277100 -0.209473
0.010376 -0.587769
-0.284302 -0.537598
-0.348389 -0.059692
-0.207764 0.452393
-0.056152 0.633545
-0.001709 0.511230
0.000000 0.408203
-0.001709 0.511230
-0.056030 0.633423
-0.207642 0.452393
-0.348389 -0.059692
-0.284302 -0.537476
0.010376 -0.587646
0.277100 -0.209351
0.203979 0.204102
-0.209351 0.277222
-0.587769 0.010376
-0.537720 -0.284424
-0.059692 -0.348389
0.452393 -0.207764
0.633423 -0.056152
0.511230 -0.001709
0.408203 0.000000
0.511230 -0.001587
0.633423 -0.056030
0.452393 -0.207642
-0.059692 -0.348389
-0.537598 -0.284424
-0.587646 0.010254
-0.209351 0.277100
0.204102 0.203979
0.277100 -0.209473
0.010376 -0.587769
-0.284302 -0.537598
-0.348389 -0.059692
-0.207764 0.452393
-0.056152 0.633545
-0.001709 0.511230
0.000000 0.408203
-0.001709 0.511230
-0.056030 0.633423
-0.207642 0.452393
-0.348389 -0.059692
-0.284302 -0.537476
0.010376 -0.587646
0.277100 -0.209351
-0.086182 0.001465
-0.268799 -0.142212
-0.051025 -0.297363
0.452271 -0.207764
0.633423 -0.056152
0.511230 -0.001709
0.408203 0.000000
0.511230 -0.001709
0.633423 -0.056152
0.452393 -0.207764
-0.059692 -0.348389
-0.537598 -0.284302
-0.587646 0.010376
-0.209473 0.277100
0.204102 0.204102
0.277100 -0.209351
0.010376 -0.587646
-0.284302 -0.537598
-0.348389 -0.059692
-0.207764 0.452393
-0.056152 0.633423
-0.001709 0.511230
0.000000 0.408203
-0.001709 0.511230
-0.056152 0.633423
-0.207642 0.452393
-0.348389 -0.059692
-0.284302 -0.537598
0.010376 -0.587646
0.277100 -0.209351
0.204102 0.204102
-0.209351 0.277222
-0.587646 0.010376
-0.537476 -0.284302
-0.059692 -0.348389
0.452271 -0.207764
0.633423 -0.056152
0.511230 -0.001709
0.408203 0.000000
0.511230 -0.001709
0.633423 -0.056152
0.452393 -0.207764
-0.059692 -0.348389
-0.537598 -0.284302
-0.587646 0.010376
-0.209473 0.277100
0.204102 0.204102
0.277100 -0.209351
0.010376 -0.587646
-0.284302 -0.537598
-0.348389 -0.059692
-0.207764 0.452393
-0.056152 0.633423
-0.001709 0.511230
0.000000 0.408203
-0.001709 0.511230
-0.056152 0.633423
-0.207642 0.452393
-0.348389 -0.059692
-0.284302 -0.537598
0.010376 -0.587646
0.277100 -0.209351
0.204102 0.204102
-0.209351 0.277222
-0.587646 0.010376
-0.537476 -0.284302
-0.059692 -0.348389
0.452271 -0.207764
0.633423 -0.056152
0.511230 -0.001709
0.408203 0.000000
0.511230 -0.001709
0.633423 -0.056152
0.452393 -0.207764
-0.059692 -0.348389
-0.537598 -0.284302
-0.587646 0.010376
-0.209473 0.277100
0.204102 0.204102
0.277100 -0.209351
0.010376 -0.587646
-0.284302 -0.537598
-0.348389 -0.059692
-0.207764 0.452393
-0.056152 0.633423
-0.001709 0.511230
0.000000 0.408203
-0.001709 0.511230
-0.056152 0.633423
-0.207642 0.452393
-0.348389 -0.059692
-0.284302 -0.537598
0.010376 -0.587646
0.277100 -0.209351
0.204102 0.204102
-0.209351 0.277222
-0.587646 0.010376
-0.537476 -0.284302
-0.059692 -0.348389
0.452271 -0.207764
0.633423 -0.056152
0.511230 -0.001709
0.408203 0.000000
0.511230 -0.001709
0.633423 -0.056152
0.452393 -0.207764
-0.059692 -0.348389
-0.537598 -0.284302
-0.587646 0.010376
-0.209473 0.277100
0.204102 0.204102
0.277100 -0.209351
0.010376 -0.587646
-0.284302 -0.537598
-0.348389 -0.059692
-0.207764 0.452393
-0.056152 0.633423
-0.001709 0.511230
0.000000 0.408203
-0.001709 0.511230
-0.056152 0.633423
-0.207642 0.452393
-0.348389 -0.059692
-0.284302 -0.537598
0.010376 -0.587646
0.277100 -0.209351
0.204102 0.204102
-0.209351 0.277222
-0.587646 0.010376
-0.537476 -0.284302
-0.059692 -0.348389
0.452271 -0.207764
0.633423 -0.056152
0.511230 -0.001709
0.408203 0.000000
0.511230 -0.001709
0.633423 -0.056152
0.452393 -0.207764
-0.059692 -0.348389
-0.537598 -0.284302
-0.587646 0.010376
-0.209473 0.277100
0.204102 0.204102
0.277100 -0.209351
0.010376 -0.587646
-0.284302 -0.537598
-0.348389 -0.059692
-0.207764 0.452393
-0.056152 0.633423
-0.001709 0.511230
0.000000 0.408203
-0.001709 0.511230
-0.056152 0.633423
-0.207642 0.452393
-0.348389 -0.059692
-0.284302 -0.537598
0.010376 -0.587646
0.277100 -0.209351
0.204102 0.204102
-0.209351 0.277222
-0.587646 0.010376
-0.537476 -0.284302
-0.059692 -0.348389
0.452271 -0.207764
0.633423 -0.056152
0.511230 -0.001709
0.408203 0.000000
0.511230 -0.001709
0.633423 -0.056152
0.452393 -0.207764
-0.059692 -0.348389
-0.537598 -0.284302
-0.587646 0.010376
-0.209473 0.277100
0.204102 0.204102
0.277100 -0.209351
0.010376 -0.587646
-0.284302 -0.537598
-0.348389 -0.059692
-0.207764 0.452393
-0.056152 0.633423
-0.001709 0.511230
0.000000 0.408203
-0.001709 0.511230
-0.056152 0.633423
-0.207642 0.452393
-0.348389 -0.059692
-0.284302 -0.537598
0.010376 -0.587646
0.277100 -0.209351
0.204102 0.204102
-0.209351 0.277222
-0.587646 0.010376
-0.537476 -0.284302
-0.059692 -0.348389
0.452271 -0.207764
0.633423 -0.056152
0.511230 -0.001709
0.408203 0.000000
0.511230 -0.001709
0.633423 -0.056152
0.452393 -0.207764
-0.059692 -0.348389
-0.537598 -0.284302
-0.587646 0.010376
-0.209473 0.277100
0.204102 0.204102
0.277100 -0.209351
0.010376 -0.587646
-0.284302 -0.537598
-0.348389 -0.059692
-0.207764 0.452393
-0.056152 0.633423
-0.001709 0.511230
0.000000 0.408203
-0.001709 0.511230
-0.056152 0.633423
-0.207642 0.452393
-0.348389 -0.059692
-0.284302 -0.537598
0.010376 -0.587646
0.277100 -0.209351
0.204102 0.204102
-0.209351 0.277222
-0.587646 0.010376
-0.537476 -0.284302
-0.059692 -0.348389
0.452271 -0.207764
0.633423 -0.056152
0.511230 -0.001709
0.408203 0.000000
0.511230 -0.001709
0.633423 -0.056152
0.452393 -0.207764
-0.059692 -0.348389
-0.537598 -0.284302
-0.587646 0.010376
-0.209473 0.277100
0.204102 0.204102
0.277100 -0.209351
0.010376 -0.587646
-0.284302 -0.537598
-0.348389 -0.059692
-0.207764 0.452393
-0.056152 0.633423
-0.001709 0.511230
0.000000 0.408203
-0.001709 0.511230
-0.056152 0.633423
-0.207642 0.452393
-0.348389 -0.059692
-0.284302 -0.537598
0.010376 -0.587646
0.277100 -0.209351
0.204102 0.204102
-0.209351 0.277222
-0.587646 0.010376
-0.537476 -0.284302
-0.059692 -0.348389
0.452271 -0.207764
0.633423 -0.056152
0.511230 -0.001709
0.408203 0.000000
0.511230 -0.001709
0.633423 -0.056152
0.452393 -0.207764
-0.059692 -0.348389
-0.537598 -0.284302
-0.587646 0.010376
-0.209473 0.277100
0.204102 0.204102
0.277100 -0.209351
0.010376 -0.587646
-0.284302 -0.537598
-0.348389 -0.059692
-0.207764 0.452393
-0.056152 0.633423
-0.001709 0.511230
0.000000 0.408203
-0.001709 0.511230
-0.056152 0.633423
-0.207642 0.452393
-0.348389 -0.059692
-0.284302 -0.537598
0.010376 -0.587646
0.277100 -0.209351
0.204102 0.204102
-0.209351 0.277222
-0.587646 0.010376
-0.537476 -0.284302
-0.059692 -0.348389
0.452271 -0.207764
0.633423 -0.056152
0.511230 -0.001709
0.408203 0.000000
0.511230 -0.001709
0.633423 -0.056152
0.452393 -0.207764
-0.059692 -0.348389
-0.537598 -0.284302
-0.587646 0.010376
-0.209473 0.277100
0.204102 0.204102
0.277100 -0.209351
0.010376 -0.587646
-0.284302 -0.537598
-0.348389 -0.059692
-0.207764 0.452393
-0.056152 0.633423
-0.001709 0.511230
0.000000 0.408203
-0.001709 0.511230
-0.056152 0.633423
-0.207642 0.452393
-0.348389 -0.059692
-0.284302 -0.537598
0.010376 -0.587646
0.277100 -0.209351
0.204102 0.204102
-0.209351 0.277222
-0.008789 -0.051147
0.226196 -0.103882
0.540527 -0.047852
0.511108 -0.001709
0.408081 0.000000
0.511230 -0.001709
0.633423 -0.056152
0.452393 -0.207642
-0.059692 -0.348389
-0.537598 -0.284302
-0.587769 0.010376
-0.209473 0.277100
0.203979 0.204102
0.276978 -0.209351
0.010254 -0.587646
-0.284424 -0.537476
-0.348389 -0.059692
-0.207642 0.452393
-0.056030 0.633423
-0.001709 0.511230
0.000000 0.408203
-0.001709 0.511353
-0.056152 0.633423
-0.207642 0.452393
-0.348267 -0.059692
-0.284302 -0.537598
0.010376 -0.587769
0.277100 -0.209473
0.204102 0.203979
-0.209351 0.277100
-0.587646 0.010254
-0.537476 -0.284302
-0.059692 -0.348389
0.452515 -0.207642
0.633423 -0.056030
0.511108 -0.001709
0.408081 0.000000
0.511230 -0.001709
0.633423 -0.056152
0.452393 -0.207642
-0.059692 -0.348389
-0.537598 -0.284302
-0.587769 0.010376
-0.209473 0.277100
0.203979 0.204102
0.276978 -0.209351
0.010254 -0.587646
-0.284424 -0.537476
-0.348389 -0.059692
-0.207642 0.452393
-0.056030 0.633423
-0.001709 0.511230
0.000000 0.408203
-0.001709 0.511353
-0.056152 0.633423
-0.207642 0.452393
-0.348267 -0.059692
-0.284302 -0.537598
0.010376 -0.587769
0.277100 -0.209473
0.204102 0.203979
-0.209351 0.277100
-0.587646 0.010254
-0.537476 -0.284302
-0.059692 -0.348389
0.452515 -0.207642
0.633423 -0.056030
0.511108 -0.001709
0.408081 0.000000
0.511230 -0.001709
0.633423 -0.056152
0.452393 -0.207642
-0.059692 -0.348389
-0.537598 -0.284302
-0.587769 0.010376
-0.209473 0.277100
0.203979 0.204102
0.276978 -0.209351
0.010254 -0.587646
-0.284424 -0.537476
-0.348389 -0.059692
-0.207642 0.452393
-0.056030 0.633423
-0.001709 0.511230
0.000000 0.408203
-0.001709 0.511353
-0.056152 0.633423
-0.207642 0.452393
-0.348267 -0.059692
-0.284302 -0.537598
0.010376 -0.587769
0.277100 -0.209473
0.204102 0.203979
-0.209351 0.277100
-0.587646 0.010254
-0.537476 -0.284302
-0.059692 -0.348389
0.452515 -0.207642
0.633423 -0.056030
0.511108 -0.001709
0.408081 0.000000
0.511230 -0.001709
0.633423 -0.056152
0.452393 -0.207642
-0.059692 -0.348389
-0.537598 -0.284302
-0.587769 0.010376
-0.209473 0.277100
0.203979 0.204102
0.276978 -0.209351
0.010254 -0.587646
-0.284424 -0.537476
-0.348389 -0.059692
-0.207642 0.452393
-0.056030 0.633423
-0.001709 0.511230
0.000000 0.408203
-0.001709 0.511353
-0.056152 0.633423
-0.207642 0.452393
-0.348267 -0.059692
-0.284302 -0.537598
0.010376 -0.587769
0.277100 -0.209473
0.204102 0.203979
-0.209351 0.277100
-0.587646 0.010254
-0.537476 -0.284302
-0.059692 -0.348389
0.452515 -0.207642
0.633423 -0.056030
0.511108 -0.001709
0.408081 0.000000
0.511230 -0.001709
0.633423 -0.056152
0.452393 -0.207642
-0.059692 -0.348389
-0.537598 -0.284302
-0.587769 0.010376
-0.209473 0.277100
0.203979 0.204102
0.276978 -0.209351
0.010254 -0.587646
-0.284424 -0.537476
-0.348389 -0.059692
-0.207642 0.452393
-0.056030 0.633423
-0.001709 0.511230
0.000000 0.408203
-0.001709 0.511353
-0.056152 0.633423
-0.207642 0.452393
-0.348267 -0.059692
-0.284302 -0.537598
0.010376 -0.587769
0.277100 -0.209473
0.204102 0.203979
-0.209351 0.277100
-0.587646 0.010254
-0.537476 -0.284302
-0.059692 -0.348389
0.452515 -0.207642
0.633423 -0.056030
0.511108 -0.001709
0.408081 0.000000
0.511230 -0.001709
0.633423 -0.056152
0.452393 -0.207642
-0.059692 -0.348389
-0.537598 -0.284302
-0.587769 0.010376
-0.209473 0.277100
0.203979 0.204102
0.276978 -0.209351
0.010254 -0.587646
-0.284424 -0.537476
-0.348389 -0.059692
-0.207642 0.452393
-0.056030 0.633423
-0.001709 0.511230
0.000000 0.408203
-0.001709 0.511353
-0.056152 0.633423
-0.207642 0.452393
-0.348267 -0.059692
-0.284302 -0.537598
0.010376 -0.587769
0.277100 -0.209473
0.204102 0.203979
-0.209351 0.277100
-0.587646 0.010254
-0.537476 -0.284302
-0.059692 -0.348389
0.452515 -0.207642
0.633423 -0.056030
0.511108 -0.001709
0.408081 0.000000
0.511230 -0.001709
0.633423 -0.056152
0.452393 -0.207642
-0.059692 -0.348389
-0.537598 -0.284302
-0.587769 0.010376
-0.209473 0.277100
0.203979 0.204102
0.276978 -0.209351
0.010254 -0.587646
-0.284424 -0.537476
-0.348389 -0.059692
-0.207642 0.452393
-0.056030 0.633423
-0.001709 0.511230
0.000000 0.408203
-0.001709 0.511353
-0.056152 0.633423
-0.207642 0.452393
-0.348267 -0.059692
-0.284302 -0.537598
0.010376 -0.587769
0.277100 -0.209473
0.204102 0.203979
-0.209351 0.277100
-0.587646 0.010254
-0.537476 -0.284302
-0.059692 -0.348389
0.452515 -0.207642
0.633423 -0.056030
0.511108 -0.001709
0.408081 0.000000
0.511230 -0.001709
0.633423 -0.056152
0.452393 -0.207642
-0.059692 -0.348389
-0.537598 -0.284302
-0.587769 0.010376
-0.209473 0.277100
0.203979 0.204102
0.276978 -0.209351
0.010254 -0.587646
-0.284424 -0.537476
-0.348389 -0.059692
-0.207642 0.452393
-0.056030 0.633423
-0.001709 0.511230
0.000000 0.408203
-0.001709 0.511353
-0.056152 0.633423
-0.207642 0.452393
-0.348267 -0.059692
-0.284302 -0.537598
0.010376 -0.587769
0.277100 -0.209473
0.204102 0.203979
-0.209351 0.277100
-0.587646 0.010254
-0.537476 -0.284302
-0.059692 -0.348389
0.452515 -0.207642
0.633423 -0.056030
0.511108 -0.001709
0.408081 0.000000
0.511230 -0.001709
0.633423 -0.056152
0.452393 -0.207642
-0.059692 -0.348389
-0.537598 -0.284302
-0.587769 0.010376
-0.209473 0.277100
0.203979 0.204102
0.276978 -0.209351
0.010254 -0.587646
-0.284424 -0.537476
-0.348389 -0.059692
-0.207642 0.452393
-0.056030 0.633423
-0.001709 0.511230
0.000000 0.408203
-0.001709 0.511353
-0.056152 0.633423
-0.207642 0.452393
-0.348267 -0.059692
-0.284302 -0.537598
0.010376 -0.587769
0.277100 -0.209473
0.204102 0.203979
-0.209351 0.277100
-0.587646 0.010254
-0.537476 -0.284302
-0.059692 -0.348389
0.452515 -0.207642
0.633423 -0.056030
0.511108 -0.001709
0.408081 0.000000
0.511230 -0.001709
0.633423 -0.056152
0.452393 -0.207642
-0.059692 -0.348389
-0.537598 -0.284302
-0.587769 0.010376
-0.209473 0.277100
0.203979 0.204102
0.276978 -0.209351
0.010254 -0.587646
-0.284424 -0.537476
-0.348389 -0.059692
-0.207642 0.452393
-0.056030 0.633423
-0.001709 0.511230
0.000000 0.408203
-0.001709 0.511353
-0.056152 0.633423
-0.207642 0.452393
-0.348267 -0.059692
-0.284302 -0.537598
0.010376 -0.587769
0.277100 -0.209473
0.204102 0.203979
-0.209351 0.277100
-0.587646 0.010254
-0.537476 -0.284302
