0.247925 -0.565308
0.183228 -0.638916
0.130493 -0.197266
0.017334 0.290771
-0.014160 0.350464
0.142944 0.028442
0.257690 -0.260864
0.067505 -0.206543
-0.260376 0.170898
-0.350464 0.588501
-0.187500 0.716675
-0.082397 0.449707
-0.146484 0.025391
-0.225830 -0.220825
-0.322632 -0.214478
-0.597046 -0.125244
-0.879150 -0.045044
-0.692749 0.066162
0.020996 0.108887
0.641724 -0.134888
0.621704 -0.556396
0.143555 -0.646484
-0.265991 -0.168579
-0.416748 0.378052
-0.383545 0.383789
-0.115356 0.021606
0.384644 -0.005859
0.726685 0.427124
0.549683 0.627441
0.164185 0.145996
0.211060 -0.467651
0.689209 -0.403320
0.913940 0.280029
0.538086 0.779541
0.032959 0.631348
-0.071899 0.151733
0.118042 -0.180298
0.259033 -0.274414
0.358398 -0.242676
0.520752 -0.093628
0.511963 0.139038
0.136475 0.254028
-0.206543 0.135864
0.046875 -0.025635
0.726685 0.004272
1.037964 0.177979
0.611816 0.294189
-0.062134 0.307495
-0.365356 0.277100
-0.251587 0.148193
-0.044800 -0.135620
0.064819 -0.385254
0.086914 -0.328491
0.089722 -0.015869
0.198242 0.219971
0.480591 0.238159
0.695801 0.240723
0.478882 0.376831
-0.051147 0.483521
-0.264282 0.378174
0.113403 0.180664
0.505005 0.131836
0.284790 0.239990
-0.270264 0.308960
-0.390991 0.220581
0.033325 0.017090
0.361572 -0.207031
0.212524 -0.334106
-0.089722 -0.235718
-0.203125 0.073853
-0.253906 0.376953
-0.365479 0.502441
-0.272583 0.534546
0.166138 0.593262
0.509033 0.555298
0.293091 0.267944
-0.226807 -0.074341
-0.414551 -0.136230
-0.150024 0.014282
0.117188 -0.006958
0.113281 -0.217407
0.018555 -0.156006
-0.004761 0.321655
-0.067505 0.628784
-0.225464 0.244385
-0.322632 -0.430786
-0.299927 -0.564575
-0.288574 -0.052368
-0.253906 0.394287
0.049194 0.287231
0.557739 -0.096924
0.750000 -0.326172
0.338867 -0.393677
-0.226562 -0.412231
-0.343262 -0.215820
-0.063477 0.306641
0.114868 0.792969
0.056396 0.788574
0.062866 0.388062
0.230713 0.081665
0.278442 0.053467
0.074829 0.045776
-0.154907 -0.112061
-0.275879 -0.256104
-0.426392 -0.234863
-0.576538 -0.147217
-0.392578 -0.111084
0.156738 -0.090942
0.515503 -0.082764
0.298828 -0.200928
-0.039185 -0.442749
0.144775 -0.610718
0.631348 -0.614624
0.619995 -0.594727
0.002441 -0.592896
-0.395752 -0.399536
-0.051636 0.040649
0.457397 0.371216
0.325928 0.310913
-0.325317 0.151245
-0.746094 0.335571
-0.692139 0.696411
-0.598877 0.622925
-0.705444 -0.007935
-0.684326 -0.576416
-0.306274 -0.538696
0.077026 -0.075684
0.047607 0.298218
-0.257812 0.406250
-0.414917 0.404175
-0.350464 0.388184
-0.318848 0.335815
-0.374023 0.267212
-0.278809 0.180908
0.055664 -0.031372
0.399170 -0.361816
0.555786 -0.549194
0.595581 -0.441650
0.615112 -0.306396
0.536621 -0.429199
0.315063 -0.579590
0.122559 -0.332397
0.102783 0.171021
0.110107 0.328247
-0.055908 -0.003540
-0.271851 -0.261963
-0.229492 -0.067261
0.076904 0.185425
0.294312 0.004395
0.188477 -0.385376
-0.069458 -0.419800
-0.198120 -0.087646
-0.167603 0.139648
-0.123291 0.123779
-0.118896 0.193604
-0.097168 0.438599
-0.040649 0.459839
0.012451 0.031860
0.034912 -0.451050
-0.009399 -0.483154
-0.152832 -0.088257
-0.290405 0.316772
-0.210205 0.445312
0.092163 0.275146
0.290527 -0.097412
0.144165 -0.453735
-0.122070 -0.496460
-0.153442 -0.192017
-0.041382 0.080200
-0.143066 0.004883
-0.382812 -0.212769
-0.275757 -0.198730
0.219727 -0.049683
0.454224 -0.175415
0.055542 -0.560791
-0.366821 -0.698975
-0.060059 -0.378418
0.674072 -0.068115
0.836548 -0.253662
0.185669 -0.742310
-0.421631 -0.948242
-0.283813 -0.638672
0.236572 -0.089478
0.393188 0.338989
0.083984 0.484985
-0.252808 0.359253
-0.365967 0.120728
-0.303589 0.006470
-0.076294 0.060547
0.273193 0.033936
0.435913 -0.216919
0.175537 -0.400269
-0.210205 -0.192383
-0.261841 0.166626
-0.089600 0.152344
-0.171387 -0.194214
-0.457153 -0.230469
-0.359497 0.312378
0.216309 0.838379
0.538940 0.702637
0.123901 0.104004
-0.463989 -0.278931
-0.420288 -0.244385
0.142334 -0.140015
0.477783 -0.147217
0.336670 -0.063599
0.113403 0.181396
0.011475 0.328979
-0.198730 0.255005
-0.541138 0.192993
-0.645264 0.275635
-0.401001 0.247925
-0.212891 -0.065186
-0.315674 -0.342285
-0.360229 -0.199097
-0.039307 0.178345
0.334473 0.256958
0.324707 -0.083252
0.073608 -0.421387
0.010254 -0.421753
0.129761 -0.196167
0.112061 0.040771
-0.018311 0.298340
0.060669 0.598633
0.311890 0.740112
0.321777 0.551514
0.025635 0.205078
-0.106201 -0.003906
0.189453 -0.083740
0.523804 -0.260132
0.442017 -0.496948
0.075073 -0.436035
-0.132690 0.051270
-0.058594 0.504028
0.081177 0.333374
0.133667 -0.410156
0.088379 -0.984741
-0.080811 -0.770020
-0.320801 0.017822
-0.375610 0.592773
-0.097534 0.515747
0.215210 0.126831
0.145264 -0.000488
-0.233276 0.196411
-0.427246 0.313599
-0.211548 0.148560
0.111328 -0.019897
0.192871 0.088867
0.035889 0.305176
-0.182373 0.266113
-0.359009 -0.046387
-0.397827 -0.300049
-0.204712 -0.275635
0.073242 -0.081909
0.086548 0.082886
-0.230957 0.141602
-0.485962 0.069336
-0.376221 -0.155029
-0.155762 -0.437866
-0.225220 -0.590942
-0.488403 -0.557861
-0.521484 -0.460083
-0.263916 -0.350098
-0.090942 -0.130127
-0.196655 0.168335
-0.329102 0.275391
-0.252075 0.070679
-0.100098 -0.137939
-0.079956 -0.021240
-0.110229 0.257080
-0.006470 0.305664
0.166626 0.180786
0.183105 0.314453
0.013428 0.715088
-0.112793 0.773926
-0.001221 0.155640
0.267700 -0.550171
0.408691 -0.539673
0.233032 0.084473
-0.087891 0.432861
-0.140137 0.040283
0.213257 -0.551758
0.534546 -0.573975
0.325562 0.009521
-0.209229 0.577881
-0.352295 0.640503
0.076050 0.264648
0.388184 -0.144775
0.075195 -0.236938
-0.347046 0.057983
-0.135010 0.475342
0.433960 0.606079
0.435181 0.308105
-0.194946 -0.088257
-0.450684 -0.134277
0.207397 0.195679
0.969482 0.482544
0.862183 0.386963
0.154541 0.023560
-0.144653 -0.238281
0.223999 -0.191650
0.598999 0.072998
0.549561 0.331665
0.381104 0.422241
0.399414 0.334473
0.396362 0.168213
0.154297 -0.026123
-0.095825 -0.335938
-0.088745 -0.792114
0.010864 -1.107422
-0.059570 -0.869507
-0.179321 -0.134155
-0.099854 0.413452
0.039307 0.177612
-0.102539 -0.583618
-0.471069 -1.032227
-0.626831 -0.755981
-0.368774 -0.151001
0.007690 0.259399
0.159058 0.471436
0.113281 0.711548
0.113403 0.856201
0.231201 0.598145
0.292480 0.070923
0.117065 -0.187988
-0.245239 0.017456
-0.509277 0.249756
-0.420410 0.088257
-0.079590 -0.267700
0.106812 -0.354126
-0.069092 -0.139404
-0.297974 0.028198
-0.166626 0.039185
0.216309 0.121094
0.337891 0.293091
0.029785 0.205933
-0.260742 -0.240356
-0.079956 -0.524780
0.453857 -0.159180
0.863892 0.509888
0.862305 0.645996
0.490723 0.042358
-0.052002 -0.585083
-0.486084 -0.574463
-0.556396 -0.158569
-0.315674 -0.010010
-0.140503 -0.246704
-0.223877 -0.357910
-0.266968 -0.047729
0.010742 0.315918
0.299805 0.257202
0.117676 -0.132812
-0.335938 -0.346436
-0.350464 -0.133789
0.209595 0.232910
0.610474 0.345337
0.309204 0.106323
-0.247681 -0.242798
-0.325317 -0.405884
0.026489 -0.278320
0.164795 0.011230
-0.121460 0.250977
-0.394043 0.346802
-0.331665 0.376221
-0.139404 0.424072
-0.070923 0.426025
-0.022095 0.267700
0.168823 0.015503
0.370850 -0.079590
0.377197 0.135620
0.237061 0.510132
0.125488 0.725586
0.064819 0.599487
0.003784 0.212158
0.024170 -0.207642
0.230957 -0.461060
0.519287 -0.477417
0.660034 -0.313965
0.573120 -0.087769
0.367188 0.094360
0.170532 0.145874
0.056641 -0.003296
0.055786 -0.318970
0.102295 -0.563232
0.059448 -0.426025
-0.069214 0.137207
-0.088501 0.767944
0.061646 1.024536
0.109253 0.813721
-0.139282 0.410889
-0.358887 0.102783
-0.092407 -0.046875
0.464966 -0.096924
0.570435 -0.073364
-0.035278 0.007446
-0.670898 0.079956
-0.599365 0.078613
0.004639 -0.002319
0.399414 -0.126953
0.328125 -0.214111
0.196655 -0.127441
0.269897 0.175537
0.269165 0.454102
-0.049683 0.358398
-0.377441 -0.080811
-0.269043 -0.364014
0.156128 -0.144043
0.323730 0.256226
-0.024170 0.274414
-0.495361 -0.072510
-0.573975 -0.228149
-0.263306 0.034424
-0.019531 0.271729
-0.128540 0.102295
-0.355469 -0.171387
-0.291504 -0.072021
0.076050 0.243530
0.326172 0.208252
0.148193 -0.240479
-0.260010 -0.522095
-0.471558 -0.268921
-0.366577 0.166138
-0.181763 0.269531
-0.094971 0.045044
-0.033203 -0.158691
0.067139 -0.199585
0.088989 -0.180664
-0.024658 -0.143433
-0.080322 -0.083618
0.095459 -0.143433
0.347656 -0.414795
0.393433 -0.619995
0.231201 -0.394531
0.091431 0.094849
0.043945 0.241577
-0.041626 -0.166626
-0.130371 -0.604126
0.035645 -0.533203
0.477173 -0.121826
0.753174 0.100830
0.470459 0.025146
-0.142334 -0.037842
-0.481689 0.017578
-0.348755 -0.031738
-0.177979 -0.213501
-0.393921 -0.195312
-0.796265 0.167236
-0.811768 0.500244
-0.265747 0.410645
0.360840 0.045898
0.515259 -0.160400
0.223633 -0.102173
-0.026733 -0.011108
0.030640 0.016357
0.152100 0.094238
0.049561 0.161011
-0.126099 -0.040771
-0.031250 -0.455933
0.301636 -0.578735
0.496216 -0.123413
0.417358 0.441284
0.331299 0.421143
0.369019 -0.159302
0.242310 -0.562988
-0.209229 -0.332153
-0.541504 0.134277
-0.251099 0.200684
0.369507 -0.133179
0.471313 -0.333374
-0.211060 -0.153564
-0.953247 0.055542
-0.974365 -0.075806
-0.383301 -0.402100
0.091675 -0.518555
0.025757 -0.350952
-0.373657 -0.208618
-0.671631 -0.308716
-0.618896 -0.502808
-0.264526 -0.519165
0.073730 -0.289429
0.028076 0.043091
-0.401001 0.300781
-0.744507 0.366211
-0.626221 0.228149
-0.281250 0.031372
-0.186401 -0.027344
-0.310669 0.040161
-0.197510 -0.003418
0.206421 -0.235352
0.348633 -0.334473
-0.086548 -0.015259
-0.598633 0.414429
-0.516479 0.342896
0.067017 -0.234009
0.427612 -0.548462
0.143677 -0.092041
-0.474976 0.578125
-0.844727 0.549805
-0.688232 -0.144531
-0.174927 -0.561279
0.256958 -0.205688
0.232422 0.290283
-0.179810 0.158203
-0.449463 -0.378784
-0.178101 -0.511108
0.359497 -0.064819
0.553345 0.331177
0.279541 0.256470
0.012329 0.033447
0.095215 0.058105
0.315796 0.133545
0.353516 -0.125977
-0.349609 -0.465454
-0.302246 -0.870361
0.059326 -0.398071
0.303833 0.224243
0.202881 0.245239
0.112671 -0.059570
0.308960 -0.019653
0.463135 0.305664
0.224854 0.385498
-0.118042 0.219360
-0.100342 0.245605
0.134888 0.411743
0.123413 0.208496
-0.081909 -0.322144
-0.033813 -0.454834
0.252319 0.082520
0.288452 0.591309
0.001221 0.437012
-0.101929 -0.034302
0.152344 -0.163818
0.251465 -0.032471
-0.083862 -0.145630
-0.304443 -0.412354
0.095215 -0.261353
0.668579 0.297607
0.661377 0.539551
0.178467 0.133911
-0.064575 -0.303467
0.073975 -0.140747
0.058838 0.328003
-0.268311 0.371216
-0.377563 -0.088013
-0.005005 -0.426025
0.331543 -0.244873
0.149414 0.168579
-0.269409 0.359009
-0.415161 0.257568
-0.325928 0.063110
-0.310547 -0.126831
-0.296875 -0.333130
-0.045410 -0.487549
0.237305 -0.424927
0.117188 -0.086304
-0.349609 0.354614
-0.677124 0.579224
-0.683838 0.362183
-0.625000 -0.189941
-0.590332 -0.646973
-0.349487 -0.621338
0.085938 -0.168335
0.302490 0.274658
0.111328 0.374146
-0.147461 0.197144
-0.192993 0.000610
-0.225098 -0.092285
-0.419067 -0.088135
-0.456177 0.015137
-0.039307 0.144531
0.471069 0.045898
0.498047 -0.437012
0.114990 -0.976196
-0.110840 -0.959717
-0.033081 -0.244873
-0.060059 0.513062
-0.354370 0.544678
-0.520996 -0.112183
-0.282349 -0.639648
0.086304 -0.422729
0.275269 0.246948
0.412231 0.606079
0.650757 0.389404
0.713135 0.087402
0.335693 0.213867
-0.118530 0.582520
-0.058105 0.546143
0.429321 -0.116089
0.619263 -0.835327
0.151489 -0.909180
-0.480591 -0.353149
-0.610596 0.141602
-0.193481 0.062744
0.301880 -0.372314
0.518433 -0.616089
0.462280 -0.501343
0.295776 -0.306274
0.146118 -0.227417
0.080200 -0.134155
0.091187 0.074829
0.104858 0.188354
0.080444 0.012207
0.077637 -0.198730
0.166260 0.000488
0.318604 0.559082
0.436157 0.863770
0.429688 0.531006
0.265503 -0.029419
0.019775 -0.157959
-0.115967 0.122559
-0.025146 0.147705
0.123779 -0.383179
0.040894 -0.896362
-0.267456 -0.720703
-0.475708 -0.058960
-0.426025 0.262085
-0.356689 -0.083740
-0.451904 -0.524902
-0.468506 -0.431763
-0.148682 0.054443
0.245605 0.319702
0.278564 0.124390
0.089600 -0.219971
0.231567 -0.400879
0.723877 -0.426880
0.872437 -0.378052
0.291138 -0.212158
-0.431519 0.026123
-0.520508 0.096924
-0.076782 -0.101318
0.184448 -0.294312
0.020020 -0.186523
-0.135010 0.086182
-0.006958 0.153076
0.087891 -0.023926
-0.163452 -0.103027
-0.538818 0.102539
-0.647461 0.368286
-0.502075 0.439209
-0.386963 0.363037
-0.361816 0.255127
-0.233643 0.020386
0.066650 -0.389526
0.359619 -0.644287
0.452881 -0.366699
0.314331 0.246826
0.044678 0.548096
-0.156128 0.264893
-0.064575 -0.158447
0.321899 -0.231567
0.649414 -0.067993
0.530151 -0.049561
0.014893 -0.118896
-0.448242 0.111816
-0.543335 0.617310
-0.374634 0.835815
-0.194458 0.448242
-0.078613 -0.124023
0.007202 -0.281372
0.012329 -0.024048
-0.136108 0.175903
-0.360229 0.107300
-0.483032 0.020874
-0.423950 0.123779
-0.242798 0.260620
-0.041992 0.219849
0.075073 0.058960
0.017456 -0.049927
-0.189575 -0.078247
-0.350830 -0.057251
-0.291138 0.066528
-0.096924 0.272339
-0.025635 0.327148
-0.158447 0.085083
-0.285767 -0.185303
-0.215210 -0.106201
-0.064941 0.209595
-0.099854 0.239746
-0.309204 -0.173218
-0.328369 -0.505249
0.114868 -0.257202
0.764160 0.317383
1.027954 0.552856
0.662720 0.272217
0.106934 -0.067749
-0.027710 -0.114624
0.300415 -0.068359
0.567261 -0.230591
0.415649 -0.458496
0.075928 -0.379395
-0.078979 0.030884
-0.087402 0.414429
-0.204956 0.532959
-0.368530 0.510254
-0.275024 0.527344
0.047729 0.532959
0.186523 0.402588
-0.041260 0.204102
-0.301147 0.107056
-0.268677 0.106567
-0.101562 0.048218
-0.104004 -0.074341
-0.194824 -0.067505
-0.066895 0.118896
0.289673 0.188721
0.583252 -0.128052
0.642822 -0.579102
0.509277 -0.582275
0.198975 -0.013916
-0.235352 0.499023
-0.463989 0.346924
-0.164429 -0.216309
0.387451 -0.406860
0.500977 -0.032349
0.024048 0.247437
-0.367432 -0.037109
-0.138916 -0.406860
0.296875 -0.190063
0.217896 0.347168
-0.307129 0.346313
-0.562500 -0.262207
-0.282471 -0.531006
0.043823 0.088379
0.027222 0.835571
-0.074341 0.715088
0.094604 -0.041138
0.375854 -0.366577
0.390137 0.017578
0.120239 0.258545
-0.159180 -0.223511
-0.316528 -0.811401
-0.379395 -0.632446
-0.281006 0.150269
0.056152 0.619385
0.452515 0.386108
0.601807 -0.048218
0.458618 -0.160645
0.251587 -0.052490
0.148682 -0.085693
0.142090 -0.308472
0.211060 -0.493042
0.329956 -0.491455
0.346558 -0.331055
0.143921 -0.102539
-0.090088 0.085938
-0.071289 0.157349
0.092407 0.174072
-0.011963 0.275269
-0.447388 0.428833
-0.756714 0.410278
-0.630127 0.138794
-0.352783 -0.150635
-0.317261 -0.228149
-0.456787 -0.187500
-0.521362 -0.250244
-0.581421 -0.395752
-0.770508 -0.423584
-0.784058 -0.276001
-0.253540 -0.048706
0.469604 0.234619
0.580566 0.570679
-0.016846 0.753662
-0.459473 0.551636
-0.125610 0.134277
0.497192 -0.034912
0.595825 0.152222
0.202637 0.272949
-0.018677 0.046753
0.136353 -0.174072
0.239502 0.052002
0.080078 0.492554
-0.001587 0.493896
0.198853 -0.071411
0.324829 -0.589966
0.047485 -0.525513
-0.340210 -0.055786
-0.330200 0.295288
0.061035 0.339478
0.368896 0.273682
0.367310 0.263306
0.278931 0.278564
0.308960 0.267822
0.320190 0.243408
0.084106 0.195679
-0.360596 0.097046
-0.728394 -0.017090
-0.766724 -0.104492
-0.464233 -0.220337
-0.055176 -0.417603
0.181396 -0.581299
0.203247 -0.549561
0.249878 -0.397827
0.494751 -0.391724
0.723389 -0.594604
0.561035 -0.721313
0.011719 -0.514526
-0.468140 -0.120117
-0.510864 0.087036
-0.242676 -0.016235
-0.037964 -0.176025
-0.059570 -0.119751
-0.208130 0.099487
-0.364502 0.185791
-0.464355 -0.028198
-0.419556 -0.357666
-0.193115 -0.434570
0.069580 -0.114258
0.172607 0.316406
0.130737 0.419678
0.132446 0.107056
0.232544 -0.251587
0.265015 -0.296875
0.110596 -0.122192
-0.106445 -0.076660
-0.154175 -0.214600
0.084839 -0.218628
0.547729 0.065918
0.998413 0.308105
1.088745 0.131348
0.638550 -0.285156
-0.037476 -0.372314
-0.319824 0.058838
0.012573 0.525269
0.463379 0.503052
0.452637 0.106689
0.083130 -0.129395
-0.089844 -0.010742
0.056519 0.139038
0.063965 0.086914
-0.268066 0.088745
-0.415405 0.420166
0.114380 0.783081
0.911621 0.609009
1.093872 -0.083984
0.501465 -0.585205
-0.094604 -0.402588
-0.082153 0.076294
0.221069 0.141357
0.192017 -0.266602
-0.115601 -0.542969
-0.125244 -0.299561
0.294922 0.162964
0.586792 0.355713
0.325684 0.213623
-0.182739 0.026489
-0.394409 0.020508
-0.269531 0.237793
-0.152222 0.620483
-0.132935 0.955322
-0.008789 0.890625
0.156738 0.308960
-0.050171 -0.389282
-0.710327 -0.662720
-1.210449 -0.456909
-0.943237 -0.181152
-0.142822 -0.093994
0.396118 -0.063110
0.339844 0.015259
0.102905 -0.037964
0.072388 -0.305664
0.051270 -0.470581
-0.243286 -0.225464
-0.535156 0.218994
-0.331299 0.382690
0.253418 0.165161
0.550293 -0.092041
0.271729 -0.140625
-0.094116 -0.069214
-0.052979 0.000366
0.144531 0.098877
-0.072632 0.178589
-0.660278 0.031128
-0.955566 -0.356079
-0.625610 -0.621094
-0.146484 -0.460449
-0.119141 -0.075684
-0.439941 0.080078
-0.501099 -0.102783
-0.071411 -0.316284
0.391602 -0.310791
0.366943 -0.187988
-0.069336 -0.172974
-0.375610 -0.296509
-0.204956 -0.386353
0.237549 -0.266846
0.484741 0.060181
0.323608 0.356812
-0.026245 0.306274
-0.201416 -0.128540
-0.094604 -0.544189
0.068848 -0.489014
0.038086 -0.020142
-0.148926 0.352539
-0.235840 0.325195
-0.104492 0.157471
0.056885 0.241577
0.013428 0.542480
-0.174805 0.684082
-0.206177 0.460449
0.058960 0.038452
0.369873 -0.278931
0.350708 -0.302246
-0.051392 -0.029053
-0.495728 0.335571
-0.640747 0.471436
-0.509399 0.242920
-0.375122 -0.111938
-0.355225 -0.261597
-0.286011 -0.191528
-0.049438 -0.124390
0.161011 -0.103271
0.092773 0.025757
-0.130005 0.212280
-0.094727 0.172729
0.312012 -0.089111
0.669434 -0.132324
0.568604 0.253784
0.193115 0.572388
0.044678 0.264404
0.192627 -0.371216
0.190308 -0.469727
-0.189453 0.177490
-0.541626 0.762451
-0.408691 0.552734
0.029053 -0.134644
0.224976 -0.457642
0.060913 -0.220459
-0.068115 0.016602
0.056641 -0.099487
0.173096 -0.220947
0.065063 0.043701
-0.023193 0.422119
0.197632 0.334473
0.534546 -0.220947
0.572266 -0.577026
0.284424 -0.268555
-0.005615 0.333618
-0.167969 0.496704
-0.341553 0.070923
-0.474731 -0.355469
-0.275757 -0.271484
0.221924 0.089600
0.487061 0.121094
0.190186 -0.289429
-0.256836 -0.612671
-0.254517 -0.434814
0.123413 -0.031738
0.283691 0.043091
0.028442 -0.265137
-0.192017 -0.486084
-0.026978 -0.330444
0.240356 -0.071411
0.149780 -0.085327
-0.270264 -0.278687
-0.603027 -0.242676
-0.609375 0.127563
-0.390991 0.455688
-0.095825 0.376221
0.233398 -0.005737
0.530151 -0.280273
0.666748 -0.230835
0.594238 0.006226
0.364380 0.235474
0.019653 0.434326
-0.380859 0.605103
-0.650146 0.581543
-0.588867 0.211670
-0.250366 -0.313477
0.083130 -0.570923
0.226562 -0.421265
0.228516 -0.192261
0.164551 -0.204590
0.014648 -0.332886
-0.167603 -0.267944
-0.196533 -0.019775
-0.027100 0.181030
0.095459 0.354736
-0.035278 0.683105
-0.247314 0.962891
-0.209961 0.704102
0.083008 -0.026978
0.298584 -0.436035
0.217896 -0.082764
-0.019897 0.368896
-0.162964 0.101196
-0.139160 -0.550781
-0.048584 -0.571777
-0.005249 0.125732
-0.046265 0.552856
-0.093140 0.247925
0.000977 -0.010254
0.249146 0.398071
0.412476 0.789062
0.272461 0.305542
-0.000366 -0.525146
-0.012817 -0.526001
0.277100 0.203979
0.458252 0.405273
0.273560 -0.276489
0.015747 -0.683472
0.068115 -0.060913
0.320679 0.654053
0.379395 0.327637
0.179199 -0.531250
0.000488 -0.584351
-0.031494 0.233887
-0.063232 0.702148
-0.136108 0.254639
-0.099121 -0.307373
0.046631 -0.249268
0.098145 0.063599
0.054932 0.035645
0.182129 -0.169067
0.498291 -0.155029
0.594604 -0.118530
0.231079 -0.396118
-0.241699 -0.673462
-0.395142 -0.418335
-0.341675 0.201538
-0.429565 0.584961
-0.589844 0.657471
-0.499390 0.788696
-0.234131 0.879272
-0.184204 0.416870
-0.147827 -0.075928
-0.343384 0.176147
-0.378174 0.260376
-0.159790 0.098633
0.052979 -0.272583
-0.010498 -0.557617
-0.244629 -0.420288
-0.360596 0.013062
-0.312866 0.218140
-0.232300 0.020874
-0.064575 -0.101196
0.318726 0.211182
0.668579 0.503418
0.488770 0.110107
-0.213013 -0.729980
-0.744385 -1.010620
-0.617432 -0.297852
-0.259277 0.646973
-0.368896 0.871582
-0.819214 0.409424
-0.830811 0.040771
-0.224487 0.166504
0.200928 0.435303
-0.157349 0.428833
-0.744873 0.222900
-0.620117 0.117554
0.161621 0.153809
0.630981 0.141602
0.293457 -0.000488
-0.264404 -0.163330
-0.348267 -0.237793
-0.109253 -0.213257
-0.106567 -0.106445
-0.365479 0.064331
-0.443359 0.210083
-0.227661 0.185181
-0.070068 -0.047852
-0.128784 -0.301147
-0.130615 -0.281738
0.066895 0.105469
0.170776 0.569824
-0.016235 0.635986
-0.168823 0.142822
0.065186 -0.497803
0.425537 -0.701172
0.373169 -0.396729
-0.071289 -0.115601
-0.318970 -0.261108
-0.061035 -0.518677
0.338013 -0.303101
0.443359 0.322021
0.325439 0.626709
0.278687 0.242676
0.296509 -0.243896
0.187744 -0.111084
0.013184 0.406860
0.011475 0.428223
0.148682 -0.239380
0.118042 -0.742554
-0.170898 -0.413940
-0.413940 0.234375
-0.331787 0.295410
-0.016602 -0.155762
0.265259 -0.217285
0.396729 0.392334
0.380615 0.864380
0.197144 0.547241
-0.088745 -0.052002
-0.211670 -0.074829
0.042847 0.370728
0.500610 0.444458
0.723633 -0.069458
0.491943 -0.439331
-0.001343 -0.132935
-0.431274 0.415771
-0.639404 0.528931
-0.634033 0.244385
-0.493774 0.093506
-0.361938 0.262817
-0.370972 0.469849
-0.447388 0.486816
-0.321899 0.328491
0.120239 0.027710
0.600342 -0.336304
0.730713 -0.448242
0.490845 -0.058228
0.232056 0.501953
0.205688 0.574219
0.282593 0.057129
0.218140 -0.406616
0.026733 -0.311279
-0.068359 0.080078
0.005859 0.247681
0.048706 0.144775
-0.135986 0.024292
-0.444946 -0.112793
-0.567993 -0.388428
-0.360352 -0.574219
-0.035400 -0.327881
0.075195 0.145386
-0.083008 0.233887
-0.228638 -0.181396
-0.110718 -0.486206
0.156860 -0.209717
0.235474 0.302612
-0.011719 0.420044
-0.377686 0.096069
-0.609985 -0.173218
-0.690063 -0.079102
-0.713867 0.179688
-0.638306 0.242920
-0.349243 -0.013306
0.054443 -0.402954
0.262573 -0.579102
0.121582 -0.334229
-0.136597 0.111694
-0.156982 0.270142
0.129028 -0.001831
0.464355 -0.259033
0.586182 -0.093018
0.465942 0.247559
0.248413 0.255127
0.078125 -0.016846
0.021851 -0.057251
0.067017 0.244995
0.139160 0.447266
0.164307 0.342896
0.144287 0.283325
0.132202 0.462524
0.129883 0.485352
0.089844 0.068726
0.035522 -0.345825
0.065308 -0.239624
0.173462 0.125488
0.196289 0.147095
0.063232 -0.107544
-0.018188 -0.084106
0.162231 0.202271
0.421509 0.126709
0.344116 -0.438110
-0.111328 -0.797241
-0.468384 -0.514404
-0.368774 -0.079956
-0.083862 -0.049072
-0.095947 -0.170654
-0.367676 0.025879
-0.434326 0.312500
-0.163086 0.171021
0.052979 -0.229980
-0.032959 -0.275513
-0.130615 0.055542
0.020630 0.209351
0.106689 0.081787
-0.266479 0.161255
-0.786743 0.506104
-0.740234 0.466919
-0.075073 -0.181641
0.434326 -0.636841
0.245850 -0.218750
-0.262573 0.502441
-0.461792 0.510132
-0.343384 -0.137817
-0.260010 -0.466187
-0.166504 -0.097046
0.240356 0.296143
0.765015 0.156372
0.785889 -0.167236
0.209351 -0.138428
-0.246826 0.103882
-0.013672 0.095337
0.546875 -0.168335
0.697876 -0.313599
0.316284 -0.219238
-0.109619 -0.095581
-0.238525 -0.052124
-0.144165 0.000732
0.050171 0.056763
0.310059 -0.025879
0.447266 -0.242310
0.220581 -0.394165
-0.199097 -0.371948
-0.288574 -0.271240
0.104248 -0.203613
0.468628 -0.166626
0.331299 -0.117188
-0.075562 -0.024170
-0.201904 0.126709
0.015015 0.243652
0.154541 0.130737
0.009033 -0.218018
-0.166626 -0.436279
-0.119873 -0.184448
0.066284 0.329956
0.194458 0.574463
0.183228 0.418579
-0.025513 0.235962
-0.461792 0.229736
-0.866211 0.137085
-0.757568 -0.196533
-0.041748 -0.437256
0.686157 -0.324829
0.783081 -0.189331
0.364380 -0.404419
0.117310 -0.649902
0.369507 -0.360107
0.721191 0.258911
0.669678 0.393188
0.258301 -0.140625
-0.083740 -0.552612
-0.107666 -0.258423
0.074219 0.248779
0.236084 0.189087
0.254517 -0.339233
0.138916 -0.610229
0.021118 -0.400024
0.079956 -0.184448
0.323975 -0.265991
0.482300 -0.362427
0.282227 -0.219971
-0.148926 -0.094116
-0.334839 -0.307739
0.009277 -0.679199
0.600342 -0.737427
0.871826 -0.340576
0.586304 0.189819
0.046265 0.454468
-0.305542 0.312012
-0.368530 -0.063599
-0.374268 -0.304077
-0.467773 -0.129272
-0.487427 0.330078
-0.252075 0.591187
0.081909 0.356323
0.177490 -0.116211
0.011475 -0.341675
-0.046631 -0.192505
0.226929 0.047119
0.528687 0.112427
0.420654 0.005005
-0.039795 -0.135986
-0.375732 -0.173584
-0.348389 -0.008545
-0.196777 0.283325
-0.160156 0.386841
-0.126709 0.100098
0.039185 -0.259399
0.149658 -0.160645
0.007690 0.351440
-0.148682 0.575073
0.047363 0.080688
0.423584 -0.647949
0.380493 -0.845947
-0.231323 -0.445557
-0.803345 0.004150
-0.786499 0.195435
-0.442261 0.299927
-0.384644 0.400757
-0.629639 0.274292
-0.615479 -0.092896
-0.138916 -0.274048
0.262573 -0.001953
0.067505 0.368164
-0.484985 0.357300
-0.738647 0.042236
-0.479614 -0.145996
-0.088013 -0.084595
0.072632 0.023315
0.040527 0.134644
-0.006104 0.354126
-0.044189 0.477783
-0.068237 0.131836
0.077759 -0.487061
0.467163 -0.593628
0.812744 0.115967
0.709961 0.847778
0.159912 0.681885
-0.361206 -0.143799
-0.412720 -0.543457
-0.014160 -0.072998
0.475342 0.548340
0.723755 0.546021
0.587891 0.109863
0.117065 -0.061035
-0.411621 0.196899
-0.583252 0.437256
-0.222046 0.383301
0.327881 0.270264
0.512329 0.372559
0.192261 0.594727
-0.224243 0.679321
-0.324951 0.558594
-0.156860 0.342529
-0.036011 0.123535
-0.098633 -0.064453
-0.229492 -0.203491
-0.294067 -0.296509
-0.225220 -0.330811
0.008789 -0.212769
0.285278 0.108398
0.266113 0.429565
-0.222290 0.440796
-0.769775 0.183472
-0.722412 0.086792
-0.053101 0.349243
0.482422 0.571045
0.296509 0.350220
-0.258667 -0.000977
-0.427856 0.145508
-0.101807 0.694824
0.164429 0.824463
0.083862 0.197144
0.019897 -0.443604
0.305542 -0.329102
0.680542 0.185913
0.710205 0.193848
0.414307 -0.328613
0.108643 -0.478027
-0.125000 0.133911
-0.396362 0.723999
-0.579346 0.508057
-0.397949 -0.132202
0.050049 -0.283081
0.287842 0.122192
0.100586 0.316895
-0.170898 -0.037720
-0.158447 -0.392944
0.032715 -0.269531
0.106079 0.023560
0.098389 0.016968
0.272949 -0.104492
0.614502 0.117798
0.786865 0.531738
0.598022 0.510620
0.214600 -0.064941
-0.137939 -0.559326
-0.420410 -0.474609
-0.623657 -0.111694
-0.619141 -0.043579
-0.360718 -0.285645
-0.082886 -0.390625
-0.076538 -0.187500
-0.320923 0.004639
-0.526855 -0.090210
-0.535278 -0.324219
-0.498169 -0.409180
-0.603149 -0.328857
-0.764160 -0.267456
-0.709595 -0.271240
-0.336060 -0.203369
0.142822 -0.022705
0.423584 0.075317
0.408813 -0.113770
0.226929 -0.503418
0.022461 -0.736450
-0.150757 -0.553345
-0.235107 -0.106079
-0.133911 0.173828
0.104492 0.066406
0.191528 -0.163818
-0.100952 -0.107422
-0.565918 0.227417
-0.712891 0.403687
-0.364502 0.172852
0.113159 -0.127441
0.298096 -0.015137
0.224609 0.432861
0.202393 0.618774
0.295410 0.195923
0.291748 -0.467285
0.132568 -0.723755
0.028076 -0.354614
0.079224 0.306030
0.094727 0.784180
-0.055664 0.813232
-0.165771 0.410156
0.003662 -0.133301
0.327393 -0.386353
0.490234 -0.168579
0.437988 0.179321
0.367676 0.158203
0.328491 -0.230347
0.159424 -0.475220
-0.128784 -0.297974
-0.233887 -0.059204
0.001343 -0.176025
0.272949 -0.444946
0.186401 -0.360352
-0.177124 0.052368
-0.338379 0.223999
-0.051025 -0.112305
0.383423 -0.536621
0.520874 -0.581055
0.323120 -0.335205
0.143921 -0.137451
0.229004 -0.022705
0.411011 0.139160
0.377319 0.224854
0.132324 0.052734
0.027100 -0.141235
0.290405 0.044189
0.675415 0.455200
0.715454 0.463623
0.271851 -0.085449
-0.332642 -0.537109
-0.705444 -0.352783
-0.723511 0.086670
-0.473755 0.059692
-0.103271 -0.437622
0.152466 -0.771362
0.046631 -0.645996
-0.341431 -0.399414
-0.534302 -0.299805
-0.227417 -0.144531
0.204712 0.224243
0.155029 0.504150
-0.325317 0.382935
-0.561035 0.060181
-0.274170 -0.063721
-0.036255 0.017578
-0.367310 0.034790
-0.845093 -0.010864
-0.686646 0.139038
0.021729 0.478149
0.358276 0.652100
-0.118652 0.480225
-0.736816 0.206299
-0.677979 0.094360
-0.075195 0.072754
0.314453 -0.043213
0.212158 -0.217285
0.043335 -0.295044
0.155273 -0.264160
0.344238 -0.197144
0.299194 -0.068481
0.104004 0.150513
0.035278 0.297485
0.102417 0.147339
0.085205 -0.263428
-0.063110 -0.601807
-0.121338 -0.545044
0.065308 -0.061035
0.344727 0.559082
0.449829 0.872192
0.341187 0.612671
0.239136 0.002563
0.312866 -0.380127
0.428223 -0.228027
0.302856 0.115723
-0.099731 0.129883
-0.454346 -0.159790
-0.440552 -0.269409
-0.134521 -0.023560
0.114746 0.199707
0.156006 0.102295
0.178467 -0.085938
0.342041 -0.052002
0.480103 0.063110
0.338989 -0.045410
-0.018188 -0.251953
-0.244995 -0.141479
-0.119019 0.317627
0.235229 0.652954
0.521606 0.492065
0.541748 -0.020386
0.300415 -0.461670
-0.022339 -0.523438
-0.192383 -0.146240
-0.125854 0.437256
0.015137 0.735229
0.038208 0.401978
0.007446 -0.267822
0.159790 -0.567749
0.526245 -0.254639
0.831665 0.142578
0.840942 0.111084
0.616699 -0.128052
0.329468 -0.068237
0.011230 0.229248
-0.323364 0.262329
-0.484619 -0.059204
-0.302612 -0.259644
0.052002 -0.056152
0.204468 0.235962
0.034546 0.238159
-0.224365 0.031128
-0.351807 -0.096558
-0.368896 -0.074951
-0.354492 0.039673
-0.283447 0.273682
-0.161987 0.542480
-0.104614 0.516968
-0.133545 0.057739
-0.101685 -0.408691
0.024414 -0.360840
0.030762 0.077148
-0.161865 0.284546
-0.202271 -0.002197
0.239014 -0.410522
0.845215 -0.539185
0.931152 -0.410278
0.386841 -0.194946
-0.101562 0.082275
0.035767 0.329102
0.505493 0.256836
0.624878 -0.198364
0.256592 -0.593750
-0.133545 -0.488770
-0.202881 -0.068359
-0.083008 0.108276
-0.007690 -0.122803
0.003296 -0.385986
-0.020020 -0.345703
-0.420898 -0.153931
-0.642334 0.034424
-0.491211 -0.089844
-0.387817 -0.241943
-0.471802 0.004761
-0.460693 0.485962
-0.246094 0.589111
-0.104858 0.177490
-0.215454 -0.160278
-0.372437 -0.008179
-0.324341 0.252686
-0.094604 0.111694
0.144653 -0.240234
0.267212 -0.293701
0.196411 -0.087280
-0.031738 -0.032593
-0.184326 -0.080444
-0.087646 0.180664
0.047729 0.628906
-0.076660 0.616943
-0.246826 0.055542
0.044556 -0.298584
0.668457 -0.009277
0.790039 0.304199
0.078613 -0.043579
-0.631470 -0.677490
-0.466919 -0.742798
0.197021 -0.204468
0.335938 0.235352
-0.157593 0.281738
-0.414062 0.260986
-0.035767 0.269287
0.352905 0.011963
0.231567 -0.363525
-0.018677 -0.171753
0.085449 0.680420
0.251343 1.241943
-0.030396 0.775513
-0.555786 -0.131836
-0.732300 -0.408569
-0.505493 -0.002319
-0.272461 0.246338
-0.110229 -0.022827
0.173462 -0.309570
0.348022 -0.245239
-0.066895 -0.137207
-0.852295 -0.268433
-1.108276 -0.336426
-0.508301 -0.013916
0.156250 0.403687
0.099976 0.387451
-0.380615 -0.055542
-0.493408 -0.427368
-0.146484 -0.417725
0.101562 -0.192871
0.015259 -0.076050
-0.093140 -0.205811
-0.031982 -0.466919
0.027466 -0.574707
0.044556 -0.304077
0.248169 0.217407
0.599365 0.559082
0.639404 0.472168
0.172119 0.169922
-0.313477 -0.029419
-0.272461 -0.097290
0.139893 -0.103027
0.330566 0.070068
0.104370 0.429321
-0.166504 0.541382
-0.140259 0.045532
0.111694 -0.618164
0.351074 -0.627197
0.479980 0.027710
0.490234 0.435791
0.339233 0.089722
0.050537 -0.359863
-0.178101 -0.134766
-0.124268 0.460571
0.213623 0.537476
0.574951 -0.014282
0.649902 -0.445557
0.346436 -0.341797
-0.126953 -0.130127
-0.462646 -0.248413
-0.552734 -0.481079
-0.523438 -0.452515
-0.457642 -0.263062
-0.244385 -0.208984
0.158691 -0.208740
0.484619 0.029663
0.437744 0.446167
0.149658 0.646362
0.042847 0.437012
0.220581 0.039673
0.328125 -0.203369
0.149780 -0.119141
0.001953 0.235840
0.257446 0.580444
0.712402 0.557251
0.794678 0.125488
0.326660 -0.273682
-0.260254 -0.215698
-0.495483 0.124146
-0.366943 0.217896
-0.175781 -0.020264
-0.127319 -0.114624
-0.200928 0.194702
-0.267090 0.496094
-0.206177 0.309692
0.000610 -0.180176
0.224121 -0.383667
0.307617 -0.127930
0.269043 0.175537
0.267212 0.163330
0.356812 -0.034302
0.438965 -0.072998
0.488647 0.131714
0.600464 0.353760
0.702637 0.359863
0.501709 0.151978
-0.053711 -0.045776
-0.487671 -0.011963
-0.331665 0.225830
0.171631 0.399048
0.331665 0.323975
-0.008057 0.148315
-0.219116 0.124512
0.174194 0.206055
0.712769 0.104858
0.573242 -0.224731
-0.275391 -0.419922
-0.965698 -0.171997
-0.821777 0.324585
-0.156982 0.579834
0.229614 0.372925
0.085571 -0.056152
-0.091797 -0.331543
0.160278 -0.309814
0.605713 -0.139893
0.624268 -0.067261
0.068848 -0.178467
-0.479004 -0.285767
-0.431274 -0.122437
0.027222 0.286011
0.177368 0.559082
-0.240112 0.405029
-0.644531 0.025513
-0.436890 -0.127197
0.121338 0.054688
0.276001 0.229370
-0.119873 0.115356
-0.415649 -0.146851
-0.164795 -0.261108
0.235474 -0.188232
0.240967 -0.107666
0.030884 -0.099854
0.136108 -0.079834
0.471924 -0.001709
0.439819 0.065430
-0.028931 0.082886
-0.268555 0.114380
0.043213 0.199829
0.291626 0.247437
-0.091064 0.124023
-0.611816 -0.160156
-0.433472 -0.396240
0.224121 -0.342651
0.324951 -0.001221
-0.344971 0.298340
-0.753418 0.210571
-0.201538 -0.198364
0.553223 -0.492920
0.471069 -0.433350
-0.131836 -0.313721
-0.109253 -0.516602
0.642822 -0.874512
0.970215 -0.823975
0.266724 -0.221313
-0.561035 0.346313
-0.466064 0.253052
0.230225 -0.401123
0.472168 -0.948730
0.055664 -0.939087
-0.332275 -0.521240
-0.392334 -0.120483
-0.535889 0.017334
-0.870605 -0.060547
-0.813721 -0.161743
-0.101807 -0.131714
0.556396 0.010010
0.406982 0.088501
-0.267090 -0.014038
-0.594727 -0.194702
-0.318481 -0.269165
0.061646 -0.218628
0.156250 -0.163330
0.072388 -0.141724
-0.009521 -0.099243
-0.064453 -0.068481
0.014404 -0.139038
0.340576 -0.226929
0.636597 -0.129395
0.455322 0.113770
-0.049683 0.186890
-0.147461 -0.022217
0.393921 -0.180420
0.825684 -0.000488
0.459351 0.268066
-0.309082 0.201782
-0.624268 -0.092529
-0.438354 -0.080933
-0.393677 0.376953
-0.617310 0.760742
-0.512573 0.609619
0.116943 0.139160
0.560791 -0.133545
0.237305 -0.098145
-0.391357 -0.040405
-0.500366 -0.094238
-0.073853 -0.081055
0.227417 0.126221
0.136108 0.396729
0.050415 0.554810
0.250366 0.560181
0.440430 0.427734
0.256958 0.185303
-0.195068 -0.025024
-0.554932 -0.028076
-0.666016 0.117920
-0.599487 0.150269
-0.431641 0.007446
-0.218018 -0.039795
-0.056885 0.153198
0.008179 0.267822
0.061768 -0.046387
0.167603 -0.559204
0.245850 -0.667358
0.209106 -0.205078
0.104736 0.334229
-0.001709 0.473511
-0.153198 0.280151
-0.355347 0.037354
-0.425781 -0.235596
-0.190063 -0.580688
0.228760 -0.690186
0.510742 -0.219604
0.514526 0.539307
0.384033 0.833984
0.289795 0.446289
0.243896 0.033813
0.201782 0.173340
0.182739 0.495850
0.211426 0.288330
0.242310 -0.316284
0.217651 -0.451294
0.148560 0.148926
0.098877 0.644165
0.114746 0.270874
0.162598 -0.530029
0.119873 -0.754272
-0.096680 -0.253906
-0.340942 0.193604
-0.307007 0.150635
0.069336 0.073608
0.427368 0.383301
0.434570 0.679565
0.292603 0.395996
0.417480 -0.223145
0.665161 -0.446777
0.384644 -0.142822
-0.566284 0.112305
-1.359619 -0.010498
-1.167236 -0.175415
-0.267578 -0.071289
0.327148 0.066650
0.175659 -0.037964
-0.213867 -0.155396
-0.279297 0.032104
-0.093750 0.295410
0.007690 0.185791
-0.006104 -0.170776
0.006104 -0.190552
0.001709 0.247559
-0.119873 0.561279
-0.232178 0.330200
-0.145874 -0.078369
0.066772 -0.073730
0.183594 0.308350
0.160156 0.517822
0.097656 0.285645
-0.004517 -0.089966
-0.180786 -0.225586
-0.265747 -0.097656
-0.040405 0.050171
0.390625 0.026489
0.644165 -0.156494
0.509399 -0.310913
0.132935 -0.230225
-0.243042 0.058105
-0.481079 0.224854
-0.491089 -0.010864
-0.273682 -0.483765
-0.066284 -0.736938
-0.150391 -0.580933
-0.432861 -0.270020
-0.528198 -0.083618
-0.352417 -0.006714
-0.267822 0.045532
-0.457886 -0.033569
-0.560059 -0.330322
-0.255005 -0.617310
0.130005 -0.561768
0.068481 -0.150146
-0.334106 0.330200
-0.474365 0.645142
-0.128540 0.698608
0.318481 0.383667
0.527222 -0.274414
0.569092 -0.826294
0.539429 -0.690552
0.327759 0.080933
0.000366 0.696777
-0.056396 0.562134
0.283936 0.018188
0.538452 -0.210571
0.246582 -0.051392
-0.322632 -0.056152
-0.527100 -0.418091
-0.223877 -0.603394
0.156982 -0.166382
0.293213 0.529907
0.252563 0.785645
0.126221 0.488403
-0.129150 0.156250
-0.389771 0.168091
-0.344360 0.353760
0.020752 0.384277
0.261475 0.226196
0.035156 0.059937
-0.429077 -0.024048
-0.653442 -0.071289
-0.498901 -0.126587
-0.207397 -0.195801
-0.019287 -0.265503
0.024170 -0.278809
-0.002563 -0.180298
-0.004272 -0.054443
0.052734 -0.078613
0.058838 -0.233765
-0.099731 -0.231323
-0.255493 0.087402
-0.080322 0.425659
0.362305 0.374512
0.529663 0.010742
0.154663 -0.177734
-0.257935 0.006348
-0.143311 0.192749
0.213867 0.023193
0.117188 -0.305664
-0.347168 -0.356567
-0.356445 -0.084106
0.285156 0.183228
0.678101 0.273315
0.169067 0.315308
-0.558228 0.385620
-0.458862 0.377930
0.283325 0.289795
0.529785 0.283569
-0.099854 0.335693
-0.706909 0.172607
-0.484741 -0.240601
0.172485 -0.487793
0.371948 -0.279053
-0.019653 0.056763
-0.373047 0.065796
-0.265259 -0.096313
0.099487 0.039551
0.355103 0.346313
0.406006 0.158447
0.334351 -0.627075
0.206543 -1.174805
0.092163 -0.826416
0.079956 -0.066284
0.165039 0.181763
0.219238 -0.135254
0.133423 -0.260864
-0.065674 0.154419
-0.240845 0.614258
-0.244141 0.641235
-0.051880 0.421997
0.133301 0.308228
0.020752 0.222168
-0.401733 -0.028320
-0.745117 -0.246216
-0.644287 -0.143677
-0.219849 0.108154
0.113403 0.128540
0.239258 -0.021729
0.433838 0.047974
0.831787 0.347046
1.128784 0.437378
0.999023 0.170288
0.572998 -0.025391
0.259277 0.175659
0.226440 0.461182
0.296631 0.363403
0.278687 -0.039185
0.169556 -0.301270
0.024536 -0.292603
-0.172485 -0.281250
-0.428101 -0.407593
-0.631104 -0.479614
-0.601074 -0.332153
-0.250488 -0.063843
0.282959 0.168457
0.673950 0.325317
0.675903 0.361816
0.395752 0.198364
0.184082 -0.058472
0.183716 -0.109375
0.160278 0.138916
-0.074707 0.371460
-0.272217 0.284668
-0.066895 0.040771
0.414185 0.028931
0.631226 0.272461
0.348999 0.395142
-0.067139 0.187500
-0.203247 -0.110474
-0.121094 -0.221313
-0.113159 -0.255371
-0.187134 -0.483765
-0.107422 -0.828491
0.170654 -0.878540
0.412109 -0.442993
0.434937 0.144287
0.298096 0.401855
0.135376 0.244995
-0.007446 -0.003784
-0.125244 -0.082886
-0.175781 -0.072632
-0.112549 -0.171631
0.062256 -0.367920
0.265503 -0.470947
0.319458 -0.389526
0.076660 -0.219238
-0.341919 -0.080933
-0.559204 -0.010376
-0.357422 -0.006592
0.022705 -0.042603
0.197510 -0.017456
0.129395 0.127075
0.042114 0.209839
-0.022217 -0.049072
-0.177246 -0.577881
-0.274658 -0.878418
-0.006104 -0.617065
0.471558 -0.090698
0.528564 0.180298
-0.048828 0.163208
-0.626587 0.237305
-0.578857 0.487183
-0.175171 0.545410
-0.089600 0.229248
-0.332886 -0.128052
-0.334351 -0.208496
0.047241 -0.157104
0.319946 -0.187256
0.236816 -0.121704
0.174194 0.231323
0.383911 0.542236
0.497314 0.358887
0.179199 -0.118896
-0.239746 -0.280029
-0.286499 -0.077637
-0.109497 -0.091919
-0.159058 -0.486450
-0.379150 -0.619995
-0.336182 -0.082886
-0.015625 0.511597
0.140137 0.376953
-0.001465 -0.241577
-0.064575 -0.429077
0.143311 0.041748
0.286743 0.473145
0.086304 0.360962
-0.212158 0.021362
-0.257812 -0.099121
-0.114258 -0.093628
-0.031372 -0.212158
0.007568 -0.312012
0.162720 -0.159546
0.376343 0.054688
0.472290 -0.007324
0.453735 -0.234009
0.404175 -0.213623
0.253052 0.105103
-0.054565 0.345703
-0.321167 0.298950
-0.357422 0.179199
-0.323975 0.199341
-0.437622 0.242310
-0.502197 0.122437
-0.199951 -0.073120
0.244629 -0.101929
0.260498 0.095703
-0.166748 0.316406
-0.382568 0.303711
-0.052734 0.003784
0.299072 -0.341309
0.098877 -0.401245
