2031 -4631
1446 -5547
865 -2187
-270 1653
-745 2104
374 -454
1240 -2659
-269 -2009
-2789 1269
-3262 4812
-1613 5882
-444 3608
-723 -47
-1228 -2295
-1997 -2471
-4331 -1910
-6807 -1323
-5473 -357
208 167
5200 -1563
5048 -4706
1252 -5146
-1897 -1001
-2882 3605
-2370 3660
0 596
4165 205
6908 3569
5279 5064
1856 1054
1937 -3930
5573 -3252
7202 2579
4018 6940
-109 5977
-861 2224
864 -430
2195 -1264
3137 -1182
4507 -222
4364 1394
1109 2071
-1957 916
-166 -488
5144 -209
7515 1336
3961 2461
-1496 2741
-3802 2605
-2617 1566
-648 -857
491 -3105
833 -2916
908 -655
1741 1013
3913 983
5496 944
3553 2126
-890 3175
-2633 2555
581 1194
4014 1010
2503 2026
-1736 2614
-2459 1807
1195 -19
3939 -2046
2649 -3251
0 -2535
-1160 21
-1813 2643
-2916 3912
-2253 4480
1351 5275
4271 5229
2682 3047
-1376 292
-2749 -288
-501 777
1655 381
1469 -1557
438 -1214
-65 2634
-893 5193
-2448 2184
-3406 -3145
-3260 -4029
-3090 333
-2640 4068
51 3147
4412 -165
6117 -2306
2781 -3173
-1928 -3636
-3053 -2278
-984 1853
253 5808
-395 5855
-413 2740
1013 426
1577 368
176 408
-1394 -886
-2084 -2176
-3080 -2200
-4177 -1726
-2655 -1665
1751 -1674
4526 -1675
2564 -2586
-358 -4389
1075 -5499
5094 -5225
5141 -4773
306 -4541
-2692 -2844
372 759
4720 3363
3709 2701
-1688 1215
-5313 2591
-5135 5498
-4665 4958
-5809 -40
-5831 -4447
-2823 -3858
341 190
219 3433
-2112 4381
-3227 4300
-2580 3991
-2297 3306
-2839 2463
-2254 1507
215 -402
2734 -3171
3755 -4658
3902 -3642
4000 -2356
3423 -3195
1785 -4322
454 -2294
555 1717
840 2787
-380 -219
-2116 -2641
-1843 -1313
514 579
2109 -960
1077 -4085
-1129 -4195
-2169 -1238
-1785 868
-1186 936
-849 1618
-359 3625
370 3697
979 18
1215 -4134
780 -4562
-564 -1411
-1915 1936
-1481 3139
826 1995
2375 -746
1208 -3352
-842 -3438
-905 -779
220 1495
-445 803
-2333 -1147
-1497 -1244
2400 -225
4061 -1395
481 -4596
-3291 -5661
-1033 -2876
4827 -118
6125 -1418
874 -5252
-3935 -6867
-2606 -4380
1837 -53
3231 3191
708 4074
-2149 2739
-3265 543
-2991 -530
-1361 -107
1329 -235
2594 -2127
517 -3438
-2467 -1576
-2623 1448
-904 1308
-1281 -1661
-3397 -2174
-2477 2016
2244 6082
4786 4795
1219 -175
-3778 -3253
-3560 -2791
993 -1672
3794 -1431
2798 -471
1210 1741
650 3047
-819 2424
-3447 1803
-4234 2310
-2297 1910
-934 -779
-2035 -3081
-2685 -1827
-313 1452
2570 2359
2418 -137
401 -2647
11 -2470
1166 -560
1189 1315
229 3249
887 5459
2840 6348
2710 4570
1 1581
-1381 -173
775 -762
3336 -2060
2607 -3817
-331 -3152
-1859 936
-1013 4636
383 3111
1020 -3210
769 -8215
-606 -6767
-2664 -579
-3279 3956
-1195 3270
1204 154
544 -717
-2533 1124
-3977 2314
-1964 1141
988 -152
1971 718
949 2369
-671 1863
-2070 -902
-2462 -3146
-1048 -3024
1013 -1400
914 108
-1838 847
-3981 568
-3028 -957
-1071 -3016
-1432 -4111
-3372 -3803
-3475 -3082
-1291 -2346
78 -748
-956 1510
-2305 2266
-1988 568
-1052 -1054
-1132 80
-1525 2591
-700 3217
805 2365
1104 3530
-92 6758
-960 7065
46 1733
2238 -4359
3273 -4570
1627 311
-1253 3039
-1920 -185
800 -4940
3365 -4956
1712 7
-2491 4811
-3397 5389
415 2267
3254 -1238
901 -2226
-2452 -79
-726 3089
3826 3984
3668 1477
-1669 -1707
-3893 -1905
1458 1058
7772 3699
7072 3180
1531 389
-634 -1675
2644 -1325
5896 720
5554 2665
4109 3237
4081 2405
3803 1026
1545 -468
-746 -2803
-848 -6263
-83 -8548
-606 -6334
-1446 -132
-614 4415
693 2417
-369 -3995
-3391 -7913
-4787 -5908
-2898 -1167
-105 2065
825 3779
183 5829
8 7174
917 5250
1488 1096
223 -936
-2513 728
-4439 2491
-3522 927
-632 -2294
885 -3316
-666 -1822
-2723 -619
-1846 -579
1125 163
2040 1741
-450 1247
-2676 -2193
-941 -4364
3744 -1303
7417 4135
7665 5110
4782 -35
377 -5389
-3256 -5469
-3998 -2138
-2234 -876
-993 -2650
-1807 -3298
-2193 -442
159 2847
2697 2616
1428 -429
-2064 -2150
-2013 -491
2646 2347
5878 3072
3237 941
-1592 -2021
-2540 -3356
40 -2202
937 368
-1541 2576
-3789 3597
-3184 4011
-1445 4471
-697 4430
-143 2955
1495 623
3116 -462
3028 1013
1655 3862
478 5515
-265 4485
-941 1416
-839 -1855
915 -3753
3456 -3752
4871 -2365
4454 -574
3037 747
1622 921
778 -582
748 -3423
1010 -5604
487 -4543
-739 135
-1015 5480
191 7838
670 6392
-1171 3341
-2699 987
-221 -177
4608 -635
5651 -577
749 -92
-4523 333
-4113 218
588 -448
3558 -1357
2750 -1852
1532 -854
2099 1934
2168 4482
-291 3875
-2790 334
-1736 -2053
1839 -424
3198 2619
213 2524
-3882 -516
-4827 -1900
-2595 250
-864 2295
-1930 1081
-3841 -964
-3246 13
-64 2683
2207 2364
974 -1460
-2201 -4018
-3858 -2254
-3030 995
-1646 1580
-1130 -424
-832 -2138
-175 -2398
-74 -2076
-964 -1559
-1258 -867
442 -1217
2822 -3397
3509 -5143
2435 -3456
1444 337
1088 1319
305 -2193
-586 -5850
573 -5220
4010 -1679
6160 411
3834 105
-1088 -106
-3679 589
-2353 324
-722 -1145
-2319 -1086
-5545 1720
-5729 4258
-1432 3364
3434 293
4391 -1375
1709 -768
-567 193
-217 677
775 1558
36 2280
-1238 693
-280 -2767
2588 -3952
4239 -487
3539 3841
2675 3399
2742 -1560
1429 -4964
-2523 -3056
-5423 879
-3108 1592
2039 -969
3051 -2486
-2280 -981
-8074 652
-7991 -612
-2971 -3548
992 -4792
412 -3680
-2989 -2693
-5605 -3576
-5342 -5101
-2548 -5057
213 -2926
-54 68
-3359 2412
-5890 3099
-4619 2011
-1527 334
-572 -294
-1531 75
-671 -448
2463 -2444
3389 -3247
-427 -505
-4829 3245
-4276 2957
493 -1458
3539 -3768
1379 146
-3496 5690
-6360 5388
-4991 -471
-811 -4113
2583 -1430
2135 2455
-1549 1285
-4073 -3094
-2114 -4057
2122 -213
3663 3235
1493 2788
-527 1041
367 1205
2383 1665
2842 -719
