-0.267700 -0.099121
-0.122681 -0.020874
0.008301 0.282837
-0.137939 0.431274
-0.282593 0.137573
-0.174561 -0.328857
0.012451 -0.463501
0.071533 -0.246338
0.108032 -0.128418
0.213013 -0.293579
0.179932 -0.409790
-0.101929 -0.250732
-0.297485 -0.083862
-0.094604 -0.164917
0.220581 -0.266846
0.138672 -0.088745
-0.269775 0.202881
-0.442139 0.284546
-0.167969 0.263428
0.179321 0.443726
0.307373 0.671509
0.354980 0.487671
0.423950 -0.078613
0.297119 -0.428467
-0.077881 -0.224854
-0.302856 0.181396
-0.130249 0.338501
0.050659 0.250732
-0.181519 0.106079
-0.525269 -0.130371
-0.403687 -0.493652
0.041992 -0.710693
0.115601 -0.516113
-0.295166 -0.086182
-0.480713 0.190308
-0.017090 0.217896
0.558838 0.153442
0.579224 0.035645
0.204956 -0.174805
0.029541 -0.322876
0.120728 -0.232544
0.081299 -0.078979
-0.139160 -0.176025
-0.156006 -0.431274
0.126709 -0.449951
0.294312 -0.183960
0.074707 -0.012695
-0.264160 -0.105469
-0.373779 -0.197388
-0.284302 -0.150024
-0.172974 -0.217529
-0.039795 -0.480469
0.094482 -0.516602
-0.002686 -0.049927
-0.401611 0.479126
-0.683594 0.486328
-0.428223 0.082886
0.114624 -0.180664
0.298584 -0.165283
-0.018799 -0.148804
-0.328003 -0.150146
-0.287964 0.074707
-0.187866 0.377441
-0.348877 0.254028
-0.515869 -0.304565
-0.281616 -0.644409
0.156006 -0.400024
0.195190 -0.033325
-0.252808 -0.059814
-0.556396 -0.272461
-0.225220 -0.201904
0.422485 0.090942
0.731934 0.237671
0.556030 0.238892
0.260986 0.326538
0.039795 0.394897
-0.315674 0.205688
-0.879395 0.001099
-1.232056 0.223755
-0.932739 0.660645
-0.147705 0.591064
0.509033 -0.097534
0.699707 -0.646362
0.623657 -0.519531
0.551514 -0.098999
0.434082 0.071167
0.148682 0.094482
-0.137451 0.261353
-0.155640 0.338867
0.018921 0.002563
0.015991 -0.396240
-0.317627 -0.250732
-0.703247 0.301514
-0.802368 0.547363
-0.599121 0.311157
-0.313110 0.136963
-0.115723 0.275391
-0.064697 0.270386
-0.154785 -0.149658
-0.270142 -0.481323
-0.210938 -0.232910
0.045654 0.234497
0.219116 0.248169
0.078735 -0.144531
-0.161865 -0.305542
-0.085449 0.009766
0.306885 0.401611
0.530396 0.523926
0.293579 0.489990
-0.052002 0.486206
0.015991 0.446045
0.446533 0.279297
0.657471 0.093384
0.312256 0.001343
-0.228638 -0.047974
-0.364502 -0.114014
-0.003296 -0.148315
0.331177 -0.137695
0.147583 -0.142822
-0.402344 -0.107788
-0.689941 0.117065
-0.370728 0.446899
0.187622 0.537109
0.375610 0.266357
0.105347 -0.012207
-0.159546 0.057251
-0.113403 0.322388
0.012939 0.357666
-0.059448 0.059082
-0.152344 -0.289307
0.031372 -0.446289
0.305420 -0.425171
0.230591 -0.324341
-0.122070 -0.203491
-0.183472 -0.116821
0.224121 -0.058105
0.544434 0.083252
0.325439 0.309204
-0.059692 0.362427
0.006470 0.069458
0.417358 -0.268677
0.533325 -0.212402
0.208618 0.128052
-0.003296 0.198120
0.247925 -0.128418
0.578735 -0.295410
0.504639 0.084229
0.150635 0.600830
-0.041870 0.663696
0.000244 0.350708
0.019775 0.140015
-0.028198 0.087891
0.071533 -0.111084
0.315552 -0.369263
0.356445 -0.199829
-0.010254 0.427246
-0.507080 0.844360
-0.683105 0.584229
-0.424194 0.024902
-0.036377 -0.228149
0.100220 -0.208008
-0.098511 -0.366089
-0.341919 -0.752808
-0.261230 -0.943604
0.142456 -0.719360
0.419312 -0.338867
0.191406 -0.071899
-0.325806 0.135376
-0.569458 0.373779
-0.361084 0.475464
-0.071533 0.245117
0.004883 -0.193359
0.049072 -0.506104
0.276245 -0.532593
0.471313 -0.406006
0.349609 -0.331665
0.121826 -0.370361
0.203003 -0.431030
0.458496 -0.391968
0.304199 -0.213379
-0.353149 0.041992
-0.820679 0.289917
-0.556641 0.483398
0.034302 0.558960
0.182617 0.406006
-0.150269 0.026489
-0.292725 -0.318848
0.088013 -0.316162
0.512573 0.023560
0.433716 0.375488
0.026001 0.533936
-0.106567 0.611328
0.216431 0.697266
0.571167 0.592896
0.557495 0.146484
0.279419 -0.332886
0.087646 -0.357910
0.081909 0.073608
0.089111 0.432983
0.046387 0.352783
0.137939 0.068604
0.449463 0.008057
0.672852 0.172485
0.405518 0.183960
-0.260254 -0.144287
-0.709961 -0.530029
-0.527100 -0.577637
-0.050537 -0.276733
0.057495 -0.032349
-0.290405 -0.179321
-0.505493 -0.546997
-0.199463 -0.641479
0.215820 -0.308350
0.113281 -0.015259
-0.411133 -0.242310
-0.628052 -0.720947
-0.178589 -0.680054
0.449829 0.078735
0.619263 0.786743
0.348633 0.677124
0.126221 0.009644
0.150391 -0.322998
0.161011 -0.027100
-0.025391 0.301270
-0.215820 0.142822
-0.183960 -0.235962
-0.000977 -0.301392
0.158691 -0.069824
0.297852 -0.007812
0.457764 -0.306641
0.512085 -0.663574
0.390137 -0.754395
0.343262 -0.601929
0.604126 -0.406616
0.841919 -0.250488
0.453003 -0.093384
-0.478271 0.066162
-1.010498 0.147217
-0.506104 0.084106
0.411865 -0.073975
0.598022 -0.170776
-0.114380 -0.101074
-0.770508 0.026978
-0.663940 -0.006592
-0.184082 -0.207275
-0.027832 -0.286133
-0.171509 -0.049683
-0.155396 0.274536
0.018555 0.328613
-0.050049 0.134644
-0.343872 0.016357
-0.367432 0.049683
0.004028 -0.043335
0.239746 -0.361694
-0.022095 -0.556885
-0.376587 -0.325439
-0.267700 0.119019
0.172119 0.353394
0.365967 0.317871
0.142944 0.251343
-0.134155 0.210938
-0.203003 0.046265
-0.191040 -0.187256
-0.243896 -0.190552
-0.266846 0.110107
-0.160522 0.385254
-0.013062 0.343994
0.075317 0.108276
0.130493 -0.018799
0.171387 0.042847
0.150146 0.146362
0.089844 0.154419
0.060059 0.031372
-0.016724 -0.156982
-0.249878 -0.206177
-0.433350 0.073486
-0.210693 0.508667
0.271118 0.604126
0.343018 0.189331
-0.233887 -0.201416
-0.738281 0.019531
-0.417725 0.599854
0.382812 0.689087
0.673340 0.013550
0.239746 -0.697144
-0.125000 -0.694092
0.122803 -0.193604
0.530396 0.014893
0.457886 -0.311890
0.023315 -0.630005
-0.225708 -0.448608
-0.147339 0.025879
0.000122 0.253906
0.096924 0.085205
0.176270 -0.123047
0.099243 -0.018188
-0.262695 0.317017
-0.614990 0.493530
-0.516602 0.297119
-0.048706 -0.043091
0.256348 -0.136963
0.168823 0.049927
-0.010986 0.128174
-0.022217 -0.168335
0.038452 -0.540283
0.066772 -0.480225
0.135498 -0.006592
0.166748 0.288330
-0.080811 0.028198
-0.457642 -0.401123
-0.385254 -0.337646
0.252075 0.281616
0.687744 0.823730
0.276611 0.736084
-0.494629 0.191895
-0.661987 -0.146240
-0.169678 0.102661
0.165161 0.624634
-0.031372 0.775879
-0.239380 0.317261
-0.039429 -0.290527
0.238892 -0.402832
0.211670 0.050781
0.104858 0.503906
0.232666 0.484985
0.334229 0.166504
0.029175 -0.007690
-0.423950 -0.011719
-0.457275 -0.177734
-0.090088 -0.518921
0.107422 -0.570557
-0.119385 -0.081543
-0.439209 0.505249
-0.539795 0.583252
-0.485229 0.187866
-0.386597 -0.084961
-0.198608 0.100220
0.003784 0.423950
-0.027344 0.398193
-0.294434 -0.012817
-0.434082 -0.395020
-0.221313 -0.359375
0.117432 0.086792
0.275513 0.557617
0.226074 0.626343
0.038452 0.242676
-0.292847 -0.166748
-0.583984 -0.136963
-0.423706 0.287109
0.225220 0.612305
0.728760 0.545166
0.533691 0.330200
-0.041748 0.295410
-0.271362 0.321899
-0.060791 0.064453
0.050171 -0.437134
-0.182861 -0.740845
-0.414795 -0.605713
-0.385254 -0.275635
-0.277344 -0.059204
-0.251953 0.054321
-0.188721 0.167725
-0.091187 0.146118
-0.190308 -0.157471
-0.380371 -0.500366
-0.138306 -0.446411
0.604370 0.016968
1.092041 0.390015
0.785034 0.304321
0.248657 -0.010010
0.301025 -0.091553
0.705566 0.114502
0.594971 0.247070
-0.039551 0.077515
-0.305420 -0.202271
0.100952 -0.283081
0.398193 -0.118530
0.043335 0.094849
-0.405396 0.181396
-0.320923 0.115479
-0.068359 -0.014771
-0.248657 -0.062622
-0.522461 0.085693
-0.161011 0.343140
0.595093 0.397095
0.782349 0.021729
0.240845 -0.576782
-0.136230 -0.895020
0.148438 -0.685791
0.465698 -0.242188
0.184692 -0.013306
-0.302979 -0.056519
-0.303833 -0.060547
0.057495 0.134277
0.164062 0.287231
-0.051514 0.123657
-0.149658 -0.227417
-0.050293 -0.363647
-0.096191 -0.121582
-0.299438 0.221191
-0.267456 0.299561
0.003784 0.080811
-0.033081 -0.143066
-0.556885 -0.109253
-0.901123 0.151489
-0.457642 0.370483
0.374023 0.304443
0.682861 -0.022217
0.260742 -0.298340
-0.231934 -0.203003
-0.246948 0.220825
0.026733 0.539307
0.116821 0.400513
-0.081177 -0.003174
-0.330566 -0.143921
-0.446655 0.132935
-0.396118 0.361694
-0.158691 0.115845
0.234253 -0.308716
0.560181 -0.252319
0.548218 0.311035
0.234009 0.606079
0.008057 0.098389
0.173096 -0.695801
0.533691 -0.868652
0.594482 -0.350098
0.176025 0.068359
-0.342773 -0.090332
-0.509155 -0.397339
-0.351929 -0.322021
-0.223633 -0.067383
-0.182861 -0.133423
0.085083 -0.429077
0.633301 -0.440674
0.936401 -0.130615
0.547852 -0.006104
-0.184814 -0.241943
-0.511963 -0.381836
-0.282349 -0.149048
-0.050781 0.046387
-0.149902 -0.175049
-0.228149 -0.443970
0.022461 -0.222046
0.211670 0.232910
-0.150879 0.191040
-0.729370 -0.388550
-0.706421 -0.752319
-0.006592 -0.495728
0.497559 -0.102173
0.208130 -0.065308
-0.344604 -0.125244
-0.289673 0.149292
0.344482 0.520630
0.740723 0.440186
0.490479 -0.040649
0.084106 -0.359985
0.085938 -0.318848
0.324341 -0.249634
0.245728 -0.318237
-0.203247 -0.269775
-0.473999 -0.000732
-0.169312 0.184570
0.441772 0.130493
0.793335 0.133667
0.676758 0.363525
0.344727 0.439331
0.088013 0.036499
-0.040161 -0.441162
-0.069580 -0.363403
0.065430 0.148682
0.365234 0.341064
0.555298 -0.082031
0.301880 -0.540771
-0.305786 -0.406982
-0.697510 0.191162
-0.407959 0.627808
0.365601 0.538940
0.958618 0.090332
0.960083 -0.296143
0.574829 -0.287476
0.254517 0.119385
0.172119 0.539673
0.185303 0.545898
0.166504 0.190063
0.135742 -0.027466
0.069092 0.163574
-0.181641 0.434448
-0.632446 0.389404
-0.966797 0.179932
-0.817017 0.223145
-0.253418 0.495483
0.213135 0.552124
0.219116 0.214233
-0.020264 -0.175659
-0.035278 -0.254517
0.254883 -0.050781
0.468018 0.199463
0.315796 0.342896
-0.041382 0.295532
-0.287354 0.037476
-0.329590 -0.218750
-0.207275 -0.130249
0.109741 0.302856
0.520630 0.597412
0.588379 0.357910
-0.005859 -0.193970
-0.828247 -0.505493
-0.999756 -0.356689
-0.300171 0.000488
0.471680 0.241089
0.514771 0.243530
0.017578 0.066284
-0.089233 -0.314331
-0.097412 -0.040527
-0.122925 0.154419
-0.045166 0.175903
0.220581 0.073486
0.489746 -0.086670
0.388062 -0.139526
-0.162598 0.107300
-0.676025 0.501953
-0.626221 0.541748
-0.179810 0.053711
-0.012695 -0.390869
-0.350586 -0.167480
-0.637207 0.472534
-0.369141 0.681152
0.155518 0.186523
0.291016 -0.356445
-0.046143 -0.332642
-0.357910 0.030640
-0.302612 0.129639
-0.025391 -0.134888
0.193726 -0.359497
0.232666 -0.310181
0.077637 -0.170776
-0.162231 -0.161621
-0.193115 -0.254272
0.155151 -0.315063
0.560181 -0.297241
0.542603 -0.218018
0.194824 -0.089111
0.109985 0.078003
0.475220 0.265259
0.754883 0.426147
0.512817 0.440674
0.040649 0.209473
-0.195068 -0.122559
-0.255249 -0.220703
-0.395386 -0.006592
-0.443481 0.150879
-0.119385 -0.038818
0.318726 -0.277344
0.416382 -0.078247
0.315063 0.437744
0.471924 0.644775
0.712524 0.325073
0.424438 -0.038208
-0.256348 -0.023926
-0.421631 0.185303
0.144531 0.265991
0.454346 0.254272
-0.149170 0.227661
-0.851562 -0.020142
-0.624268 -0.484253
0.112671 -0.577637
0.215332 0.071899
-0.276611 0.783691
-0.283813 0.600830
0.367920 -0.255737
0.578125 -0.640991
-0.129028 -0.231201
-0.678101 0.034546
-0.155273 -0.388794
0.654297 -0.647705
0.481689 0.084595
-0.447632 1.052734
-0.848022 0.911743
-0.358398 -0.219116
0.153442 -0.932983
0.155762 -0.626953
0.086548 -0.151978
0.233154 -0.190552
0.131104 -0.250244
-0.422607 0.144897
-0.722656 0.361816
-0.223022 -0.291016
0.465088 -1.168945
0.447754 -1.077393
-0.089355 -0.092896
-0.263062 0.540405
0.074707 0.271484
0.221558 -0.109985
-0.111206 0.090454
-0.328491 0.419800
0.023682 0.197266
0.510742 -0.313232
0.491943 -0.399048
0.031250 -0.071289
-0.325317 0.053833
-0.340942 -0.180664
-0.226196 -0.289551
-0.193359 -0.013550
-0.246582 0.292725
-0.301147 0.296631
-0.235107 0.178101
0.065186 0.240234
0.478882 0.415771
0.630615 0.440552
0.361206 0.256958
0.044067 0.000488
0.102295 -0.221191
0.354370 -0.323730
0.263428 -0.203369
-0.206787 0.085815
-0.459717 0.261230
-0.108643 0.127197
0.466064 -0.163208
0.656494 -0.348267
0.412231 -0.407715
0.172119 -0.443481
0.189575 -0.375854
0.264404 -0.090454
0.117920 0.200317
-0.217896 0.128418
-0.447388 -0.257568
-0.333984 -0.462646
0.030151 -0.222412
0.236816 0.129150
-0.054077 0.183960
-0.645752 0.051514
-0.871460 0.103149
-0.336792 0.330811
0.507812 0.360962
0.804443 0.058105
0.293823 -0.267578
-0.383545 -0.321777
-0.474365 -0.169678
0.043945 0.009033
0.559937 0.209961
0.584473 0.433838
0.195557 0.468018
-0.203247 0.144409
-0.359253 -0.293091
-0.358154 -0.394409
-0.426392 -0.076782
-0.598511 0.269897
-0.613281 0.305176
-0.220337 0.118286
0.400635 -0.007446
0.694946 0.020508
0.338623 0.121704
-0.323608 0.243652
-0.646851 0.322388
-0.436279 0.189209
-0.102173 -0.197266
-0.050171 -0.497314
-0.187012 -0.304688
-0.183716 0.247314
-0.011475 0.539795
0.060547 0.277222
-0.061279 -0.087036
-0.123169 -0.011719
0.086060 0.328125
0.392090 0.327393
0.468506 -0.082153
0.299927 -0.282471
0.185547 0.098022
0.287964 0.582031
0.401855 0.502441
0.284546 -0.055054
0.048706 -0.396851
0.019531 -0.173462
0.254272 0.243774
0.427124 0.361084
0.258423 0.160645
-0.105713 -0.033081
-0.264648 -0.011108
-0.022095 0.171021
0.436035 0.320801
0.762695 0.243042
0.736572 -0.088989
0.394897 -0.385376
0.017090 -0.257446
-0.059448 0.247803
0.238037 0.555176
0.574219 0.251465
0.527222 -0.319092
0.080811 -0.488403
-0.349976 -0.170898
-0.417358 0.085571
-0.205322 -0.048462
-0.032959 -0.262329
-0.070801 -0.197144
-0.257690 -0.006104
-0.439331 0.021118
-0.442871 0.025146
-0.176636 0.286377
0.160522 0.567383
0.140869 0.329468
-0.359497 -0.379272
-0.825806 -0.809082
-0.663452 -0.492188
-0.041504 0.123169
0.254639 0.357544
-0.105713 0.239380
-0.539795 0.285645
-0.418945 0.567383
0.028198 0.586426
0.131714 0.120728
-0.181519 -0.353638
-0.339233 -0.336792
-0.061157 -0.008179
0.239746 0.092041
0.155640 -0.165771
-0.111938 -0.446899
-0.165771 -0.534790
-0.066772 -0.545044
-0.154297 -0.542725
-0.406128 -0.370239
-0.433960 -0.016113
-0.115112 0.193848
0.165039 0.036743
0.038208 -0.226440
-0.348877 -0.229736
-0.541260 -0.076050
-0.329346 -0.141235
0.073486 -0.380493
0.331787 -0.309937
0.312988 0.207886
0.117310 0.621704
-0.099976 0.441895
-0.274048 -0.006348
-0.403809 -0.025146
-0.442017 0.436279
-0.301880 0.700317
-0.009888 0.313232
0.245239 -0.376099
0.323975 -0.733765
0.313110 -0.544556
0.352905 0.000610
0.359375 0.644287
0.143555 1.066772
-0.208618 0.881470
-0.355957 0.089111
-0.187500 -0.631470
-0.015625 -0.586060
-0.111206 0.019409
-0.310669 0.321533
-0.339478 -0.008423
-0.291992 -0.362549
-0.411621 -0.176147
-0.545532 0.267700
-0.304688 0.416870
0.220459 0.338867
0.419434 0.426636
0.040894 0.535767
-0.351196 0.180298
-0.167358 -0.466309
0.317139 -0.577393
0.358521 0.075439
-0.148315 0.592285
-0.529541 0.153320
-0.328491 -0.762573
0.094360 -1.009277
0.183228 -0.330566
-0.028564 0.405884
-0.118530 0.474487
0.005493 0.111938
0.019653 -0.085327
-0.246460 -0.015015
-0.529297 0.019409
-0.500244 -0.120850
-0.168823 -0.304199
0.189697 -0.399048
0.345947 -0.358154
0.267944 -0.168701
0.086914 0.046143
-0.003662 0.032227
0.100098 -0.246338
0.302612 -0.435425
0.415283 -0.260620
0.386719 -0.001709
0.319580 -0.107422
0.254395 -0.432617
0.102417 -0.353516
-0.136230 0.283325
-0.268677 0.819702
-0.170044 0.644043
-0.014282 0.001831
-0.056030 -0.407593
-0.267334 -0.362183
-0.394043 -0.224121
-0.327271 -0.264526
-0.194702 -0.338379
-0.085815 -0.255493
0.063232 -0.088379
0.236084 0.006470
0.226318 0.001099
-0.065063 -0.086182
-0.385498 -0.248047
-0.380249 -0.359985
-0.012085 -0.242676
0.430420 0.022583
0.679565 0.097290
0.685181 -0.120728
0.531494 -0.269897
0.333252 -0.056030
0.194336 0.234009
0.109985 0.135986
-0.047241 -0.231567
-0.274048 -0.291504
-0.253418 0.092041
0.281128 0.351685
1.005005 0.063110
1.200439 -0.388306
0.648926 -0.365234
-0.033691 0.101929
-0.221802 0.433838
-0.103760 0.414917
-0.262451 0.449097
-0.669312 0.803833
-0.691406 1.084351
-0.100952 0.780762
0.521973 0.053589
0.630615 -0.422363
0.450439 -0.318604
0.493164 -0.000122
0.709351 0.038086
0.629639 -0.201904
0.166748 -0.327148
-0.252075 -0.121460
-0.336548 0.198853
-0.246704 0.281738
-0.175293 0.043945
-0.033325 -0.270630
0.269043 -0.374268
0.567871 -0.218018
0.683472 0.001343
0.652588 0.088623
0.530151 0.059937
0.232422 0.075439
-0.187500 0.189819
-0.382935 0.261230
-0.154297 0.162598
0.167603 0.004761
0.149048 0.016357
-0.106323 0.190430
-0.181885 0.203247
-0.107422 -0.180908
-0.350098 -0.700928
-0.973511 -0.797119
-1.357422 -0.284546
-1.028931 0.346069
-0.341431 0.467773
0.038696 0.060059
0.001953 -0.315918
-0.068115 -0.269287
0.005615 -0.017334
0.043091 0.059814
-0.035034 0.017944
-0.068970 0.177856
-0.014893 0.506836
-0.014893 0.592529
-0.013184 0.303711
0.279419 0.069214
0.835449 0.261230
1.083374 0.612305
0.571167 0.601807
-0.348267 0.229370
-0.827393 -0.030640
-0.465576 0.007690
0.313354 0.002930
0.793823 -0.265869
0.656006 -0.464844
0.125366 -0.232544
-0.359619 0.178833
-0.535522 0.225830
-0.450439 -0.111816
-0.289185 -0.298706
-0.119019 -0.049194
0.106812 0.263916
0.317993 0.190674
0.313354 -0.141724
0.081665 -0.246216
-0.077637 0.020996
0.054443 0.283691
0.294556 0.159180
0.365845 -0.279053
0.334839 -0.615112
0.399658 -0.545776
0.409790 -0.166626
0.079590 0.153931
-0.361206 0.163574
-0.300903 -0.016235
0.321289 -0.071533
0.774170 0.080444
0.546631 0.194702
0.094116 0.092163
0.105591 -0.049316
0.444458 0.020020
0.448486 0.206055
0.035034 0.223999
-0.220825 0.090332
-0.079468 0.113281
0.025635 0.350342
-0.184204 0.441650
-0.332520 0.157349
-0.063110 -0.196899
0.310425 -0.199707
0.291138 0.078125
-0.038330 0.205688
-0.217651 0.016968
-0.114380 -0.224243
0.041870 -0.254028
0.146729 -0.094238
0.268066 0.108643
0.317383 0.248657
0.145874 0.208618
-0.083496 -0.075562
-0.075562 -0.402588
0.078979 -0.416138
0.036865 -0.070801
-0.155029 0.245361
-0.103638 0.214600
0.160400 -0.014404
0.080566 -0.131836
-0.495605 -0.144653
-0.893555 -0.267456
-0.568237 -0.493652
0.027588 -0.601807
0.122192 -0.525024
-0.212158 -0.415527
-0.282837 -0.363892
0.042725 -0.323608
0.165771 -0.289307
-0.200806 -0.265015
-0.569092 -0.093506
-0.494873 0.336792
-0.238281 0.716919
-0.241699 0.589478
-0.450195 0.099609
-0.566895 -0.021240
-0.598755 0.509277
-0.675903 0.984497
-0.631348 0.648071
-0.268066 -0.202759
0.134033 -0.645142
0.108154 -0.427734
-0.273438 -0.151245
-0.454224 -0.199707
-0.191772 -0.242188
0.151733 -0.011475
0.192871 0.121460
-0.025513 -0.194336
-0.286621 -0.565674
-0.484497 -0.379395
-0.482788 0.231079
-0.103760 0.542236
0.476685 0.259155
0.682617 -0.175415
0.237305 -0.311157
-0.368164 -0.223022
-0.491211 -0.171265
-0.204346 -0.154419
-0.102173 -0.045288
-0.380371 0.105225
-0.618652 0.147461
-0.493286 0.064575
-0.203979 -0.041504
-0.033325 -0.081665
0.078735 -0.008057
0.248535 0.145874
0.280273 0.209473
-0.046509 0.061523
-0.517090 -0.092041
-0.676636 0.081665
-0.416260 0.473755
-0.044312 0.533936
0.201904 0.063232
0.394287 -0.383667
0.606323 -0.261230
0.687134 0.139771
0.516602 0.145020
0.260498 -0.251221
0.137817 -0.426758
0.065186 -0.167725
-0.190918 0.036987
-0.548950 -0.104004
-0.608154 -0.175659
-0.237427 0.182617
0.100098 0.579712
-0.102661 0.474854
-0.638306 0.075439
-0.744141 0.003784
-0.101929 0.300049
0.672729 0.425171
0.805908 0.198242
0.371582 0.059448
0.118774 0.268188
0.389771 0.447876
0.709595 0.226318
0.573730 -0.142822
0.169067 -0.192383
-0.011230 0.045166
0.076172 0.154785
0.107178 -0.006348
0.019775 -0.169434
0.049316 -0.108887
0.174805 0.092285
0.067627 0.244507
-0.278076 0.272949
-0.357910 0.212402
0.111694 0.147339
0.657349 0.148682
0.636719 0.143677
0.127808 -0.070068
-0.195801 -0.510010
0.017822 -0.823486
0.422363 -0.672119
0.532104 -0.232300
0.303833 -0.012817
0.031006 -0.183472
-0.085693 -0.393799
0.768188 -0.251465
0.133179 0.052124
-0.508423 0.371216
-0.522095 0.417236
-0.089966 0.188477
0.155273 0.024414
0.031494 0.062500
-0.121826 0.019409
-0.092041 -0.257690
-0.020508 -0.421875
0.008911 -0.152466
0.157593 0.269897
0.477905 0.353516
0.711548 0.122681
0.624390 -0.015991
0.322266 0.015625
0.065308 -0.060303
-0.049561 -0.229370
-0.061768 -0.092163
0.036987 0.424805
0.250732 0.798462
0.421631 0.621460
0.341309 0.157471
0.037476 -0.140747
-0.192749 -0.269653
-0.110474 -0.416138
0.166260 -0.412476
0.270508 -0.012573
0.017334 0.478760
-0.331421 0.476562
-0.342896 0.012085
0.033447 -0.241089
0.363037 0.031860
0.305420 0.343872
0.103882 0.227539
0.208130 -0.035767
0.532227 0.041870
0.523804 0.297852
0.032593 0.181763
-0.370483 -0.324097
-0.199341 -0.645752
0.257568 -0.458618
0.460571 -0.044312
0.463013 0.276245
0.651001 0.552002
0.858032 0.835083
0.499146 0.870361
-0.346680 0.491577
-0.752808 0.002808
-0.203247 -0.216064
0.585327 -0.269165
0.644043 -0.507935
0.095337 -0.877563
-0.159790 -0.935669
0.155518 -0.531128
0.388916 -0.066772
0.080811 0.029663
-0.349121 -0.191650
-0.326782 -0.370483
0.041016 -0.287842
0.281128 -0.030640
0.298462 0.135376
0.320068 -0.018066
0.342651 -0.417969
0.160767 -0.611938
-0.135010 -0.221313
-0.192871 0.454590
0.018433 0.631226
0.112549 0.033569
-0.083008 -0.649048
-0.206543 -0.643799
0.054443 -0.115967
0.390747 0.166260
0.282349 -0.018433
-0.199341 -0.155151
-0.467163 0.050293
-0.298706 0.204712
-0.172852 -0.020752
-0.506714 -0.264038
-0.940674 -0.065918
-0.799194 0.324219
-0.098755 0.313477
0.397583 -0.088501
0.210938 -0.300415
-0.217773 -0.097900
-0.200928 0.089478
0.215698 -0.071167
0.383789 -0.313232
0.037231 -0.280518
-0.356934 -0.097412
-0.325684 -0.060791
-0.020874 -0.090454
0.130981 0.077271
0.063354 0.329224
-0.005615 0.281128
-0.049927 -0.087769
-0.196533 -0.338989
-0.315063 -0.208374
-0.124146 0.017090
0.245605 -0.053467
0.270142 -0.353271
-0.196533 -0.487549
-0.586548 -0.296265
-0.378540 -0.041870
0.125977 -0.048096
0.211914 -0.322510
-0.246582 -0.587524
-0.667114 -0.602905
-0.618408 -0.388550
-0.341064 -0.136475
-0.275391 0.042725
-0.448486 0.197144
-0.564331 0.333862
-0.449219 0.286743
-0.144775 -0.045776
0.276367 -0.404419
0.714111 -0.364258
0.939331 0.110962
0.758545 0.544800
0.302612 0.513306
-0.049561 0.148315
-0.092041 -0.105103
-0.000732 -0.073486
-0.061279 0.049316
-0.293213 0.095581
-0.440186 0.131958
-0.303589 0.254639
-0.011475 0.408081
0.096436 0.485474
-0.127930 0.449951
-0.406616 0.292236
-0.317749 0.013550
0.169678 -0.286133
0.604004 -0.429688
0.604370 -0.354126
0.352661 -0.198975
0.315796 -0.152344
0.563843 -0.276489
0.661133 -0.480713
0.302002 -0.565918
-0.223877 -0.341797
-0.401245 0.123779
-0.163208 0.417603
0.056030 0.208252
-0.077026 -0.231567
-0.368408 -0.273071
-0.382568 0.206177
-0.036987 0.608032
0.262329 0.482544
0.119507 0.172852
-0.341064 0.185913
-0.617188 0.331787
-0.460693 0.109131
-0.151123 -0.301636
-0.034424 -0.218994
-0.026489 0.370972
0.145630 0.654419
0.372681 0.243774
0.276978 -0.194214
-0.090942 -0.025024
-0.179688 0.348145
0.210815 0.242065
0.480225 -0.107178
0.067627 0.016479
-0.615845 0.492920
-0.694092 0.483276
-0.094360 -0.159302
0.352539 -0.588135
0.124268 -0.308838
-0.341553 0.080078
-0.428711 -0.043213
-0.178345 -0.303711
0.033691 -0.043701
0.149536 0.520386
0.255493 0.644287
0.140381 0.224976
-0.367676 -0.157593
-0.842896 -0.209229
-0.680176 -0.181519
-0.012695 -0.200806
0.389771 -0.071411
0.181885 0.156128
-0.178101 0.106934
-0.216919 -0.225708
-0.030762 -0.333496
0.137573 -0.009033
0.334106 0.279907
0.548950 0.179932
0.453125 0.035400
-0.050903 0.218018
-0.425537 0.403198
-0.186035 0.134399
0.323486 -0.303223
0.441284 -0.307251
0.225830 -0.007324
0.273438 -0.079468
0.607178 -0.568970
0.561523 -0.729492
-0.079834 -0.205933
-0.610596 0.383301
-0.441772 0.383179
0.013916 -0.014160
0.014038 -0.252075
-0.421997 -0.242920
-0.676392 -0.196655
-0.490112 -0.045166
-0.161621 0.355835
0.050293 0.723511
0.152100 0.664917
0.108765 0.349609
-0.137695 0.264404
-0.335205 0.387817
-0.134521 0.244385
0.276367 -0.205688
0.276978 -0.419434
-0.270264 -0.188354
-0.702271 -0.035889
-0.437256 -0.342407
0.247803 -0.668457
0.669800 -0.471436
0.615112 -0.033447
0.351562 -0.007202
0.054688 -0.315430
-0.276123 -0.255981
-0.468384 0.320801
-0.260986 0.700439
0.222656 0.399658
0.500000 -0.074219
0.328491 -0.009277
-0.026001 0.419434
-0.197144 0.441406
-0.109131 -0.107300
0.113281 -0.500122
0.342163 -0.139771
0.446045 0.633789
0.355713 1.042480
0.233887 0.857056
0.311890 0.494141
0.463135 0.278564
0.272217 0.072021
-0.288818 -0.255249
-0.621582 -0.403809
-0.268921 -0.049927
0.369019 0.529419
0.522949 0.685913
0.090698 0.265747
-0.294922 -0.172974
-0.198486 -0.176758
0.109253 -0.019653
0.180054 -0.171997
-0.010986 -0.472778
-0.213013 -0.370239
-0.312378 0.125977
-0.328735 0.340698
-0.230469 -0.073364
-0.031616 -0.571167
0.093506 -0.471680
0.050903 0.105835
0.047485 0.482300
0.297607 0.356445
0.609009 0.061523
0.571655 -0.026733
0.141235 0.067017
-0.257690 0.092651
-0.261230 -0.102539
0.043945 -0.444946
0.328003 -0.628052
0.387451 -0.328125
0.207153 0.310547
-0.135376 0.577881
-0.465332 0.015747
-0.550049 -0.775024
-0.317871 -0.743896
0.026733 0.140259
0.211060 0.722900
0.141479 0.256592
-0.114502 -0.537598
-0.443970 -0.574219
-0.651489 0.008301
-0.484497 0.187988
0.057617 -0.308960
0.532715 -0.666626
0.472168 -0.310547
0.000366 0.296875
-0.253174 0.489258
0.041260 0.307251
0.478271 0.148682
0.477905 0.086426
0.048340 0.039062
-0.307007 0.163574
-0.315674 0.502319
-0.209839 0.581665
-0.253174 -0.004272
-0.343384 -0.819458
-0.262939 -1.032349
-0.074097 -0.541138
-0.008179 -0.017334
-0.086182 0.138062
-0.121460 0.192871
-0.052734 0.338867
-0.009888 0.300293
-0.022339 0.006104
0.066650 -0.030762
0.293091 0.462280
0.428589 0.851685
0.329102 0.433594
0.213623 -0.403076
0.333252 -0.614990
0.515381 0.010742
0.382080 0.588501
-0.022583 0.459229
-0.212646 0.043579
0.038086 0.029663
0.347656 0.308838
0.292969 0.276489
0.004883 -0.151978
-0.126465 -0.445312
-0.096802 -0.305542
-0.204834 -0.073975
-0.439819 -0.152222
-0.440308 -0.413940
-0.121216 -0.440063
0.124023 -0.126587
0.044189 0.210205
-0.065796 0.270264
0.102539 0.085815
0.277344 -0.133057
-0.006836 -0.293213
-0.608154 -0.420288
-0.874634 -0.457520
-0.548950 -0.275146
-0.099487 0.063599
-0.000244 0.246216
-0.092407 0.100342
0.048950 -0.103394
0.401978 -0.001953
0.532837 0.277954
0.248291 0.248413
-0.142578 -0.177124
-0.272461 -0.459717
-0.161499 -0.202759
-0.088013 0.233521
-0.161133 0.275269
-0.196655 0.001587
-0.010620 -0.057129
0.285889 0.154785
0.379150 0.126465
0.139404 -0.310059
-0.181274 -0.614624
-0.234131 -0.381958
-0.005127 -0.013184
0.198242 -0.076050
0.193359 -0.389893
0.150757 -0.342651
0.271973 0.088013
0.436890 0.275757
0.372437 -0.079712
0.057251 -0.514526
-0.268066 -0.520264
-0.424316 -0.213379
-0.401855 0.000122
-0.196289 0.047974
0.193359 0.118896
0.582886 0.215942
0.700439 0.168579
0.553467 -0.013184
0.450928 -0.131470
0.543945 -0.117798
0.595215 -0.098511
0.371460 -0.150635
0.028809 -0.216187
-0.121582 -0.259644
-0.044556 -0.308838
0.079712 -0.337158
0.180908 -0.298096
0.265259 -0.269531
0.188232 -0.346558
-0.170288 -0.390747
-0.539673 -0.142822
-0.461792 0.338989
0.050171 0.612305
0.410034 0.374512
0.178589 -0.139526
-0.395508 -0.454834
-0.752808 -0.387573
-0.705322 -0.104858
-0.508179 0.187256
-0.418091 0.372070
-0.438843 0.337036
-0.438354 0.046875
-0.324097 -0.291260
-0.127563 -0.379639
-0.008301 -0.209106
-0.083618 -0.084839
-0.194580 -0.192505
-0.034546 -0.333008
0.369507 -0.225830
0.560425 0.081055
0.264526 0.291504
-0.149414 0.273926
-0.159668 0.190063
0.175659 0.205811
0.390747 0.265503
0.357666 0.246826
0.345825 0.211182
0.398560 0.331055
0.250854 0.578857
-0.044922 0.657349
-0.038940 0.350220
0.328003 -0.141968
0.469482 -0.387085
0.077271 -0.247192
-0.280762 -0.044678
-0.048218 -0.103882
0.340454 -0.295654
0.118652 -0.245850
-0.509644 0.093140
-0.612671 0.355347
0.012817 0.288452
0.552612 0.100098
0.487549 0.126221
0.290405 0.346924
0.440430 0.455200
0.566406 0.312744
0.190918 0.111084
-0.307739 0.084595
-0.248413 0.238892
0.219971 0.398682
0.330444 0.401855
-0.127808 0.223022
-0.579468 -0.004028
-0.571411 -0.086304
-0.255859 0.026611
0.064941 0.164185
0.254272 0.156006
0.124512 0.076660
-0.458008 0.115479
-1.087524 0.254761
-1.050049 0.291382
-0.300659 0.181763
0.348267 0.115356
0.314209 0.166870
-0.053345 0.132935
-0.207275 -0.131104
-0.210938 -0.428955
-0.275391 -0.479492
-0.103638 -0.295044
0.516235 -0.093384
0.914917 0.015625
0.315186 0.028076
-0.783081 -0.116333
-1.046875 -0.400635
-0.222900 -0.553345
0.442017 -0.347778
0.054077 -0.009521
-0.653687 0.048828
-0.564575 -0.121460
0.116577 -0.074829
0.330078 0.250122
-0.145264 0.345825
-0.493408 -0.029541
-0.229736 -0.354370
0.183472 -0.115234
0.234985 0.338013
0.077026 0.302368
0.026245 -0.166992
-0.017212 -0.336426
-0.238647 0.057495
-0.441772 0.432983
-0.351074 0.300781
-0.100220 -0.041748
-0.031738 -0.077271
-0.196777 0.175171
-0.376099 0.381714
-0.435425 0.476440
-0.371582 0.550293
-0.174072 0.445068
0.053101 -0.002197
-0.000732 -0.461914
-0.461914 -0.409180
-0.890869 0.088745
-0.700928 0.385254
0.032349 0.128052
0.565063 -0.329834
0.391724 -0.529053
-0.162231 -0.479492
-0.420288 -0.422119
-0.170166 -0.383301
0.213623 -0.256836
0.317017 -0.068970
0.129517 0.104370
-0.042725 0.270142
0.017090 0.343018
0.176758 0.105103
0.128662 -0.383789
-0.161987 -0.625610
-0.330566 -0.316772
-0.095093 0.112061
0.267090 0.080688
0.230103 -0.201660
-0.227051 -0.006714
-0.555664 0.715698
-0.410522 1.113525
-0.086060 0.645996
0.029541 -0.099243
0.040649 -0.245483
0.221436 0.180664
0.438843 0.444580
0.390625 0.197510
0.232666 -0.213135
0.393066 -0.413452
0.781128 -0.400757
0.416870 -0.462891
0.074463 0.002441
-0.559937 0.335693
-0.519775 0.099854
0.029053 -0.540405
0.130005 -0.901611
-0.349609 -0.588379
-0.545898 0.030884
-0.117432 0.335449
0.152100 0.213013
-0.297119 0.047974
-0.786621 0.098022
-0.447021 0.226318
0.383545 0.237183
0.669556 0.150024
0.214233 0.037598
-0.196655 -0.127808
-0.078979 -0.303711
0.163696 -0.269531
0.061035 0.075562
-0.233398 0.445312
-0.359741 0.443359
-0.313477 0.059204
-0.235718 -0.334106
-0.037476 -0.462280
0.366333 -0.403320
0.699219 -0.334473
0.578735 -0.265015
0.034058 -0.139404
-0.500366 -0.016846
-0.651123 0.032349
-0.396118 0.099243
0.015381 0.310181
0.285278 0.573486
0.301758 0.640625
0.255615 0.443237
0.396118 0.211182
0.622681 0.185059
0.564697 0.328491
0.176147 0.418335
-0.093262 0.344360
0.036133 0.199585
0.196655 0.099731
-0.047974 0.038696
-0.453979 -0.030518
-0.473389 -0.064331
-0.180542 0.020386
-0.155396 0.180298
-0.469116 0.233032
-0.525146 0.065918
-0.108276 -0.208984
0.137573 -0.382324
-0.272705 -0.391113
-0.776855 -0.339233
-0.528809 -0.294312
0.322998 -0.206177
0.835083 -0.073486
0.580200 -0.040527
0.068359 -0.195312
-0.141602 -0.364136
-0.088379 -0.281372
-0.006836 0.057129
0.127563 0.361572
0.356934 0.368652
0.479614 0.061279
0.369629 -0.407349
0.237061 -0.805786
0.264038 -0.834229
0.270630 -0.332886
0.064087 0.369507
-0.155640 0.587891
-0.121094 0.040527
0.010498 -0.695801
-0.069824 -0.825439
-0.224121 -0.330078
-0.064209 0.067261
0.298584 -0.067627
0.278931 -0.356445
-0.269287 -0.294800
-0.708984 -0.017700
-0.507202 0.007202
-0.031738 -0.233032
-0.006714 -0.320190
-0.445190 -0.125610
-0.675049 -0.012085
-0.378174 -0.219116
-0.054932 -0.468506
-0.254883 -0.399902
-0.749634 -0.098389
-0.836914 0.080933
-0.299194 0.015747
0.323730 -0.125732
0.451294 -0.203369
0.153076 -0.225464
-0.043945 -0.215698
0.135742 -0.187744
0.446777 -0.216309
0.524658 -0.326050
0.312256 -0.353271
-0.006592 -0.144287
-0.292603 0.131470
-0.479126 0.142090
-0.452026 -0.092407
-0.160889 -0.136597
0.178345 0.267578
0.260864 0.790894
0.116455 0.914551
0.086792 0.578979
0.273682 0.192017
0.310669 0.064819
-0.072388 0.085938
-0.511597 -0.018799
-0.407715 -0.279297
0.231079 -0.419922
0.745239 -0.168945
0.660278 0.386353
0.214111 0.774780
-0.082886 0.590942
-0.100220 0.005981
-0.080933 -0.367065
-0.209595 -0.241577
-0.445923 -0.041016
-0.663574 -0.252319
-0.719360 -0.641968
-0.468262 -0.595703
0.058960 -0.143555
0.526855 -0.020752
0.569336 -0.532959
0.218994 -0.976929
-0.111328 -0.624512
-0.099731 0.187256
0.176025 0.554443
0.411865 0.304199
0.404663 0.080566
0.170410 0.216309
-0.119019 0.299927
-0.256104 0.052490
-0.162842 -0.099365
0.010010 0.228271
0.048584 0.625488
-0.040039 0.494263
-0.027100 0.045898
0.213257 0.002319
0.513794 0.452881
0.612305 0.725464
0.428101 0.457153
0.081299 0.117432
-0.224121 0.199707
-0.269531 0.466919
0.049927 0.430298
0.518188 0.166870
0.663818 0.127319
0.238403 0.341553
-0.439575 0.369995
-0.795166 0.030029
-0.606812 -0.317505
-0.143433 -0.334839
0.246582 -0.167480
0.453247 -0.125000
0.506104 -0.179810
0.399048 -0.069214
0.136230 0.239624
-0.171021 0.464111
-0.358887 0.387085
-0.322388 0.140137
-0.061279 0.032715
0.299561 0.187134
0.542603 0.416138
0.522095 0.462646
0.309448 0.311646
0.079102 0.194336
-0.109741 0.255249
-0.272339 0.323853
-0.305664 0.146484
-0.093872 -0.207153
0.203369 -0.371338
0.270874 -0.154297
0.121338 0.208008
0.119751 0.365479
0.379639 0.260376
0.507935 0.093384
0.223877 0.016357
-0.144897 0.025635
-0.192017 0.071167
-0.136719 0.104614
-0.436646 0.073730
-0.887451 0.005859
-0.798950 0.031982
-0.089111 0.189453
0.500122 0.301758
0.484863 0.231689
0.275269 0.138916
0.372559 0.231567
0.536255 0.358154
0.299438 0.187134
-0.156128 -0.225342
-0.296387 -0.447632
-0.110596 -0.329224
-0.001953 -0.217651
0.009521 -0.330688
0.231567 -0.364258
0.506470 -0.073120
0.287720 0.171387
-0.355225 -0.069458
-0.620728 -0.486450
-0.189453 -0.409302
0.203003 0.086548
-0.072388 0.192505
-0.495483 -0.376465
-0.248657 -0.842285
0.402222 -0.458008
0.515747 0.408081
0.016846 0.809937
-0.190918 0.474487
0.259644 -0.046997
0.573730 -0.267090
0.096069 -0.223633
-0.585083 -0.117188
-0.513306 -0.018188
0.197144 0.011841
0.587280 -0.063477
0.270142 -0.067383
-0.169434 0.160278
-0.213623 0.327148
-0.121460 -0.032227
-0.316528 -0.739746
-0.609741 -0.998169
-0.504272 -0.485107
-0.020508 0.119019
0.266968 0.099609
0.017456 -0.285889
-0.425781 -0.331543
-0.525635 -0.029541
-0.260498 0.030518
-0.087524 -0.256714
-0.260620 -0.327759
-0.482178 0.059937
-0.378662 0.377808
-0.103760 0.169067
-0.136963 -0.231567
-0.515625 -0.229614
-0.654297 0.189941
-0.123291 0.583130
0.692627 0.702271
1.036743 0.618286
0.711182 0.418091
0.208008 0.196533
-0.015503 0.162598
0.010864 0.340210
0.086792 0.336548
0.194580 -0.140015
0.344238 -0.678955
0.374390 -0.625488
0.175659 -0.081055
-0.066650 0.171021
-0.092163 -0.174072
0.097656 -0.503174
0.307861 -0.271851
0.419800 0.166382
0.402222 0.175415
0.203613 -0.181641
-0.124756 -0.344604
-0.317261 -0.152710
-0.165649 0.063599
0.161621 0.150269
0.317871 0.279419
0.225220 0.434448
0.082275 0.316284
0.018066 -0.098755
0.034180 -0.392456
0.201782 -0.292358
0.526733 -0.024902
0.660156 0.124634
0.219604 0.212524
-0.520386 0.345093
-0.776489 0.359497
-0.312500 0.134155
0.168091 -0.090942
0.045532 -0.076416
-0.304199 -0.010620
-0.172852 -0.163574
0.291260 -0.338745
0.310913 -0.172119
-0.231689 0.164307
-0.544312 0.140503
-0.126465 -0.246948
0.484985 -0.377441
0.543457 0.031982
0.129395 0.441040
-0.119507 0.294800
0.036011 -0.162964
0.274414 -0.344849
0.324341 -0.229736
0.245117 -0.256836
0.123047 -0.493652
-0.097412 -0.516357
-0.402466 -0.146362
-0.617676 0.231445
-0.618530 0.265137
-0.455933 0.130127
-0.250488 0.171997
-0.119141 0.360352
-0.174194 0.392944
-0.399780 0.168213
-0.554688 -0.120850
-0.409302 -0.278076
-0.062622 -0.274414
0.188843 -0.190063
0.268555 -0.149048
0.346558 -0.246826
0.461182 -0.395874
0.425781 -0.338135
0.178345 0.003174
-0.081421 0.274902
-0.218506 0.051514
-0.329346 -0.563110
-0.447876 -0.952881
-0.399170 -0.699463
-0.157959 -0.076172
-0.039185 0.303955
-0.233887 0.190674
-0.412964 -0.120728
-0.164307 -0.228760
0.347290 -0.073364
0.556641 0.088989
0.241943 0.040649
-0.281616 -0.158325
-0.663696 -0.280640
-0.827026 -0.214722
-0.784790 -0.060181
-0.555298 0.057251
-0.325195 0.148315
-0.326538 0.249634
-0.455933 0.263672
-0.373535 0.085693
-0.072266 -0.156738
0.063965 -0.213867
-0.075928 -0.087646
-0.079834 -0.051758
0.291138 -0.203369
0.609375 -0.257080
0.408691 0.010986
-0.060425 0.339600
-0.229126 0.316895
-0.090088 0.020142
-0.084473 -0.054932
-0.258301 0.279541
-0.194946 0.612793
0.199707 0.512207
0.492676 0.100952
0.454712 -0.172852
0.390015 -0.151733
0.488770 -0.086548
0.423340 -0.207397
-0.030151 -0.413330
-0.462769 -0.419922
-0.411499 -0.096313
-0.094360 0.362915
-0.037231 0.562988
-0.238037 0.286743
-0.277710 -0.187866
-0.088013 -0.291748
0.008179 0.167236
-0.027466 0.684814
0.135986 0.644653
0.519409 0.116943
0.656372 -0.233276
0.317383 -0.018311
-0.089844 0.442017
-0.140747 0.648438
0.006348 0.530029
-0.026367 0.314819
-0.221436 0.095459
-0.300293 -0.148315
-0.218384 -0.280518
-0.125732 -0.136475
-0.021484 0.119873
0.156738 0.120239
0.237305 -0.179199
0.016235 -0.390991
-0.317261 -0.219482
-0.354492 0.159424
-0.043823 0.382080
0.283569 0.344971
0.446655 0.191040
0.555542 0.022461
0.589600 -0.149048
0.314087 -0.249146
-0.207397 -0.161987
-0.471558 0.086670
-0.206421 0.308716
0.168335 0.326904
0.132446 0.096558
-0.158936 -0.298462
-0.137939 -0.666504
0.276367 -0.773071
0.536987 -0.530396
0.278687 -0.113892
-0.155151 0.208130
-0.206787 0.333984
0.149292 0.324463
0.420654 0.225342
0.262451 0.069580
-0.107422 -0.006836
-0.218994 0.108154
0.044922 0.251831
0.301636 0.124146
0.174683 -0.242432
-0.178711 -0.427856
-0.260864 -0.192993
0.057739 0.150757
0.318726 0.181396
0.125000 -0.048096
-0.260864 -0.176636
-0.276245 -0.130005
0.159912 -0.151489
0.585083 -0.277832
0.628662 -0.223511
0.338257 0.105957
-0.086304 0.376831
-0.458374 0.310059
-0.492432 0.079468
-0.026611 -0.032471
0.515015 -0.081909
0.410278 -0.224609
-0.340820 -0.280029
-0.811768 0.002563
-0.377441 0.359619
0.357300 0.231689
0.461426 -0.365723
0.076660 -0.711670
0.083252 -0.353027
0.570190 0.245605
0.644653 0.400269
-0.066528 0.187134
-0.688843 0.203125
-0.375488 0.543701
0.445801 0.647827
0.798584 0.231323
0.585205 -0.221191
0.465576 -0.190918
0.605469 0.090210
0.452393 0.028687
-0.216797 -0.411011
-0.838013 -0.664551
-0.903809 -0.389648
-0.634766 0.127319
-0.466309 0.463257
-0.366089 0.558350
-0.095093 0.546631
0.209717 0.419434
0.208130 0.147461
-0.045288 -0.077759
-0.105225 -0.053955
0.272827 0.081177
0.836670 0.031982
1.140137 -0.153687
0.952881 -0.108643
0.407715 0.260132
-0.087158 0.538330
-0.169434 0.360474
0.069946 -0.060791
0.114380 -0.235352
-0.322021 -0.062012
-0.812744 0.115356
-0.722900 0.055664
-0.102905 -0.116577
0.341675 -0.237061
0.210815 -0.362305
-0.118652 -0.546753
-0.161987 -0.611816
-0.036011 -0.383911
-0.136719 -0.017212
-0.409424 0.170654
-0.428711 0.109375
-0.114136 -0.018799
0.116455 -0.131714
0.002197 -0.313721
-0.163574 -0.503174
-0.020142 -0.422607
0.274170 0.006226
0.276123 0.415894
-0.061523 0.409668
-0.312256 0.093750
-0.203613 -0.079956
0.020142 0.055176
0.040405 0.204834
-0.012817 0.120605
0.188232 -0.009766
0.537720 0.127808
0.547729 0.457275
0.114502 0.576294
-0.210449 0.316772
0.001709 -0.001465
0.363037 0.022461
0.214478 0.350952
-0.340454 0.554199
-0.547729 0.344849
-0.148560 -0.079834
0.234863 -0.297974
0.098022 -0.171021
-0.181396 0.040161
-0.034180 0.065552
0.347412 -0.027344
0.385010 0.017212
0.108521 0.245117
0.017578 0.422485
0.100586 0.353760
-0.155151 0.090576
-0.700684 -0.218628
-0.765015 -0.495361
-0.103271 -0.636230
